0.073891626 2.57E-16
0.246305419 3.03E-16
0.418719212 3.54E-16
0.714285714 3.99E-16
1.108374384 4.50E-16
1.477832512 4.83E-16
1.84729064 5.31E-16
2.24137931 6.21E-16
2.733990148 7.60E-16
3.177339901 9.20E-16
3.620689655 1.11E-15
4.113300493 1.36E-15
4.630541872 1.57E-15
5.197044335 1.79E-15
5.714285714 1.93E-15
6.280788177 2.02E-15
6.896551724 1.97E-15
7.413793103 1.84E-15
7.832512315 1.67E-15
8.325123153 1.45E-15
8.669950739 1.27E-15
9.039408867 1.06E-15
9.384236453 8.77E-16
9.729064039 7.08E-16
10.07389163 5.44E-16
10.39408867 4.39E-16
10.71428571 3.58E-16
10.96059113 3.14E-16
11.20689655 2.96E-16
11.50246305 3.14E-16
11.84729064 3.80E-16
12.14285714 4.72E-16
12.48768473 6.13E-16
12.83251232 7.78E-16
13.22660099 1.01E-15
13.71921182 1.21E-15
14.01477833 1.28E-15
14.26108374 1.28E-15
14.43349754 1.24E-15
