0.131578947 2.51E-15
0.592105263 1.71E-15
1.052631579 1.16E-15
1.535087719 7.41E-16
2.01754386 4.61E-16
2.521929825 2.62E-16
2.98245614 1.56E-16
3.355263158 9.92E-17
3.618421053 7.92E-17
3.925438596 6.61E-17
4.254385965 5.65E-17
4.495614035 5.53E-17
4.890350877 6.07E-17
5.263157895 6.65E-17
5.679824561 7.64E-17
6.096491228 8.38E-17
6.578947368 8.79E-17
7.039473684 8.81E-17
7.587719298 8.44E-17
8.201754386 7.52E-17
8.837719298 6.46E-17
9.495614035 5.05E-17
10.10964912 4.13E-17
10.65789474 3.45E-17
11.18421053 3.16E-17
11.77631579 3.17E-17
12.34649123 3.40E-17
12.82894737 3.57E-17
13.33333333 3.66E-17
13.75 3.58E-17
14.25438596 3.35E-17
14.64912281 2.74E-17
15 2.29E-17
15.19736842 1.95E-17
