0.121359223 3.33E-11
0.412621359 2.15E-11
0.631067961 1.39E-11
0.800970874 9.40E-12
0.970873786 6.88E-12
1.140776699 5.71E-12
1.262135922 5.26E-12
1.529126214 7.03E-12
1.796116505 1.04E-11
2.063106796 1.58E-11
2.5 2.65E-11
3.058252427 4.18E-11
3.713592233 5.83E-11
4.660194175 7.48E-11
5.412621359 7.96E-11
6.067961165 7.48E-11
6.868932039 6.47E-11
7.718446602 4.94E-11
8.422330097 3.47E-11
9.004854369 2.39E-11
9.538834951 1.61E-11
10.02427184 1.21E-11
10.38834951 1.06E-11
10.75242718 1.13E-11
11.21359223 1.51E-11
11.72330097 2.25E-11
12.37864078 3.54E-11
12.91262136 4.94E-11
13.47087379 6.34E-11
14.00485437 7.48E-11
14.41747573 7.96E-11
