0.021929825 2.27E-10
0.372807018 1.74E-10
0.833333333 1.24E-10
1.293859649 8.51E-11
1.907894737 4.83E-11
2.456140351 2.96E-11
2.960526316 1.95E-11
3.442982456 1.45E-11
3.969298246 1.16E-11
4.802631579 1.08E-11
5.548245614 1.17E-11
6.381578947 1.18E-11
7.192982456 1.10E-11
8.092105263 8.79E-12
8.969298246 6.65E-12
9.649122807 5.03E-12
10.35087719 3.87E-12
11.0745614 3.34E-12
12.17105263 3.37E-12
13.22368421 3.60E-12
14.18859649 3.30E-12
14.93421053 2.35E-12
15.32894737 1.91E-12
