0.000404187599524 2.03567886352539
0.000808411745274 1.74771881103516
0.001212658277158 1.59136009216309
0.001616880005331 1.51958751678467
0.002021150461805 1.44165325164795
0.00242539014912 1.34806823730469
0.002829622049955 1.26832675933838
0.003233850434313 1.19514274597168
0.003638098410463 1.13221263885498
0.004042336339541 1.09176445007324
0.004446541364456 1.08017730712891
0.004850786828838 1.0598087310791
0.005255053894425 1.01895523071289
0.005659277757601 0.975364685058594
0.00606349910901 0.940778732299805
0.006467737540441 0.912663459777832
0.006871973460104 0.889328956604004
0.007276201342109 0.869735717773438
0.007680453839441 0.85269832611084
0.008084699303823 0.83758544921875
0.00848893019995 0.823928833007813
0.008893150044297 0.811256408691406
0.009297401034569 0.799314498901367
0.009701614850673 0.787930488586426
0.010105873878602 0.776894569396973
0.010510110802972 0.766201019287109
0.010914353755586 0.755738258361816
0.011318576614055 0.745540618896484
0.011722803491353 0.735496520996094
0.012127016302749 0.725697994232178
0.01253126026007 0.716256618499756
0.012935482113832 0.707046508789063
0.013339746165298 0.698164939880371
0.01374398610379 0.689625263214111
0.014148209966966 0.681336879730225
0.014552434834849 0.673454761505127
0.014956672763927 0.665878295898438
0.015360905669468 0.658666133880615
0.015765136565595 0.651865959167481
0.016169345358163 0.645351409912109
0.016573621466115 0.639091968536377
0.016977838296341 0.633086204528809
0.017382072206589 0.627298831939697
0.017786318173325 0.62163782119751
0.018190552083573 0.616093158721924
0.018594765899677 0.61064338684082
0.018999003828754 0.605242729187012
0.019403269889635 0.599853992462158
0.019807487724567 0.594564914703369
0.020211685465355 0.589261054992676
0.02061595353565 0.584023952484131
0.021020193474142 0.578761100769043
0.021424433412634 0.573601722717285
0.021828677369955 0.56840181350708
0.022232933383763 0.563296318054199
0.022637159256353 0.558174133300781
0.023041375081872 0.553079128265381
0.023445619039193 0.548046112060547
0.023849858977685 0.542941570281982
0.024254078822032 0.537966728210449
0.024658340864083 0.532968044281006
0.025062602906134 0.52802038192749
0.025466832797554 0.523084163665772
0.025871030538342 0.51821231842041
0.026275290570979 0.513383865356445
0.026679538547128 0.508663177490234
0.027083766429134 0.504005908966065
0.027488010386455 0.499395370483398
0.027892266400262 0.494883060455322
0.028296500310511 0.490425586700439
0.028700742258417 0.485955238342285
0.029104954065107 0.481593132019043
0.029509206060085 0.477328777313232
0.029913458055064 0.473060131072998
0.030317675889997 0.468865871429443
0.030721915828489 0.464683055877686
0.031126175861126 0.460550308227539
0.031530413790203 0.456461906433106
0.031934667794597 0.452465057373047
0.032338875582457 0.448507785797119
0.032743143652752 0.444575786590576
0.033147365506513 0.440659523010254
0.033551645633295 0.436781883239746
0.033955877534129 0.432947635650635
0.034360103406719 0.429122447967529
0.034764353392284 0.425432682037354
0.035168579264874 0.421773433685303
0.035572845325755 0.418242931365967
0.035977083254832 0.414691925048828
0.036381337259225 0.411221027374268
0.036785563131816 0.407718658447266
0.037189797042065 0.404263496398926
0.037594014876998 0.400815486907959
0.03799827290022 0.397459030151367
0.038402494753981 0.394110202789307
0.038806764833691 0.390819549560547
0.039210974630965 0.387546539306641
0.039615228635359 0.384332656860352
0.040019474602094 0.381171226501465
0.040423704493514 0.378015518188477
0.040827926347275 0.374921321868896
0.041232164276353 0.371830940246582
0.041636390148944 0.368809223175049
0.04204067228514 0.365777492523193
0.042444902176559 0.36279821395874
0.042849132067979 0.359859943389893
0.043253365978227 0.356955528259277
0.04365758381316 0.35405445098877
0.044061857911698 0.351184368133545
0.044466091821947 0.348295211791992
0.04487034582634 0.345471858978271
0.045274547585957 0.342629909515381
0.045678805609179 0.339899063110352
0.046083051575915 0.337223052978516
0.046487281467334 0.334529399871826
0.046891507339925 0.33180046081543
0.047295737231345 0.32912015914917
0.047700007311054 0.32648229598999
0.048104237202473 0.323931694030762
0.048508475131551 0.321339130401611
0.048912701004141 0.318783283233643
0.049316938933219 0.316232204437256
0.049721160786981 0.313704967498779
0.050125422829032 0.311202526092529
0.050529668795767 0.30872917175293
0.050933894668358 0.306271076202393
0.051338112503291 0.303796768188477
0.051742358470026 0.301453590393066
0.05214657228613 0.29904317855835
0.052550826290523 0.296695232391357
0.052955072257259 0.294332504272461
0.053359314205165 0.292063713073731
0.053763548115414 0.289738178253174
0.054167773988004 0.287484645843506
0.054572027992397 0.285280704498291
0.054976253864988 0.283088684082031
0.055380471699921 0.280896186828613
0.055784733741972 0.278702259063721
0.056188987746366 0.276533126831055
0.056593177449496 0.274396419525146
0.056997439491547 0.272201538085937
0.057401685458282 0.270079135894775
0.057805935443847 0.267929553985596
0.058210169354095 0.26585054397583
0.058614375132541 0.263779163360596
0.059018649231079 0.261696338653564
0.059422879122499 0.25961446762085
0.059827109013918 0.257545948028564
0.06023133086768 0.255505084991455
0.060635592909731 0.253519058227539
0.06103982681998 0.251521110534668
0.061444068767886 0.24954891204834
0.061848306696964 0.247625827789307
0.062252532569554 0.245661735534668
0.062656806668093 0.243736267089844
0.063061048615999 0.241814136505127
0.063465258413274 0.239897727966309
0.063869528492983 0.238016128540039
0.064273770440889 0.236153602600098
0.064678020426454 0.234351634979248
0.065082250317873 0.232512474060059
0.065486448058661 0.230700969696045
0.06589071813837 0.2289137840271
0.066294944010961 0.22714900970459
0.066699206053012 0.22537899017334
0.06710344398209 0.223654270172119
0.067507685929996 0.221873760223389
0.067911923859074 0.220210075378418
0.068316137675178 0.218519687652588
0.068720367566597 0.216806411743164
0.069124629608649 0.215102195739746
0.069528875575384 0.213392734527588
0.06993308135383 0.211698055267334
0.070337367508855 0.210011005401611
0.070741605437932 0.208327770233154
0.071145835329352 0.206708431243896
0.071550073258429 0.205024242401123
0.071954295112191 0.203408241271973
0.072358557154242 0.201756954193115
0.07276279508332 0.200179100036621
0.073167041050055 0.19861364364624
0.073571270941475 0.197043418884277
0.073975500832894 0.195552825927734
0.074379762874946 0.194042682647705
0.074784008841681 0.192533493041992
0.075188230695443 0.19105339050293
0.075592476662178 0.189552783966064
0.075996738704229 0.188121795654297
0.076400968595649 0.186647891998291
0.076805166336437 0.18522834777832
0.07720942034083 0.183843612670898
0.077613666307566 0.182526588439941
0.078017928349617 0.181188583374023
0.078422150203378 0.179823398590088
0.078826420283088 0.178489685058594
0.079230650174507 0.177153587341309
0.079634872028269 0.175873279571533
0.08003913407032 0.174556255340576
0.080443380037056 0.173245906829834
0.080847601890817 0.172011375427246
0.081251839819895 0.170797348022461
0.081656069711314 0.169601917266846
0.082060339791023 0.168398857116699
0.082464585757759 0.16727876663208
0.082868807611521 0.16616153717041
0.08327307769123 0.165173053741455
0.083677347770939 0.164164066314697
0.084081585700016 0.163195610046387
0.084485823629094 0.162280082702637
0.084890077633487 0.161495685577393
0.085294307524907 0.16071081161499
0.085698545453984 0.16006326675415
0.086102799458378 0.159440040588379
0.086507045425113 0.158951282501221
0.086911307467164 0.158503532409668
0.087315537358584 0.158119201660156
0.087719783325319 0.157814025878906
0.088124029292055 0.157519817352295
0.08852827525879 0.15727710723877
0.088932537300841 0.157068729400635
0.089336775229919 0.156873226165771
0.089741021196654 0.156755447387695
0.090145275201048 0.156664371490479
0.090549521167783 0.156584739685059
0.09095375909686 0.156500816345215
0.091358005063596 0.156434059143066
0.091762242992674 0.156405925750732
0.092166505034725 0.156375408172607
0.09257075100146 0.156310558319092
0.092974988930538 0.156320095062256
0.093379234897273 0.156322002410889
0.093783496939324 0.156352043151856
0.094187734868402 0.15633487701416
0.094591964759821 0.156339168548584
0.094996226801872 0.156354427337646
0.095400480806266 0.156323432922363
0.095804702660027 0.156312942504883
0.096208948626763 0.156349658966064
0.096613186555841 0.156314849853516
0.097017440560234 0.15637731552124
0.09742164633868 0.156388282775879
0.097825908380731 0.156398773193359
0.098230162385124 0.156400680541992
0.09863440835186 0.156422138214111
0.099038654318595 0.156440258026123
0.099442892247673 0.156426429748535
0.099847122139092 0.156458377838135
0.10025136006817 0.156430721282959
0.100655630147879 0.156463623046875
0.101059876114614 0.156443595886231
0.101464130119008 0.156442165374756
0.101868360010427 0.156472206115723
0.102272597939504 0.156501770019531
0.102676851943898 0.156476020812988
0.103081089872975 0.156499862670898
0.103485343877369 0.15648889541626
0.103889589844104 0.156476020812988
0.10429383581084 0.15648078918457
0.104698065702259 0.156486034393311
0.105102319706652 0.156496524810791
0.105506541560414 0.156485557556152
0.105910811640123 0.156527042388916
0.106315041531543 0.156539916992188
0.10671927946062 0.156554698944092
0.107123541502672 0.156546115875244
0.107527803544723 0.156529426574707
0.107932017360827 0.156504154205322
0.108336263327562 0.156484603881836
0.108740485181324 0.156518459320068
0.109144763298691 0.156486988067627
0.109549001227768 0.156487941741943
0.10995322308153 0.156479358673096
0.110357477085923 0.156457424163818
0.110761706977343 0.156465530395508
0.111165936868763 0.156443595886231
0.111570206948472 0.156396865844727
0.111974460952865 0.156364917755127
0.112378682806627 0.156342506408691
0.11278293681102 0.156339168548584
0.113187174740098 0.156321048736572
0.113591420706833 0.156348705291748
0.113995674711226 0.156312942504883
0.114399920677962 0.156325340270996
0.114804166644697 0.156260967254639
0.115208396536117 0.156230926513672
0.115612642502852 0.156190872192383
0.116016888469587 0.156186103820801
0.116421118361007 0.156094074249268
0.116825388440716 0.156052589416504
0.117229618332136 0.156034469604492
0.117633872336529 0.155974864959717
0.118038110265606 0.155918598175049
0.118442348194684 0.155901908874512
0.118846602199077 0.155869007110596
0.119250840128155 0.155831813812256
0.119655061981917 0.155771255493164
0.120059291873336 0.155709743499756
0.120463578028361 0.155661582946777
0.120867815957439 0.155642509460449
0.121272061924174 0.155614852905273
0.121676315928568 0.155537605285645
0.122080545819987 0.155463218688965
0.122484775711407 0.155451774597168
0.122889045791116 0.155411243438721
0.123293299795509 0.155375003814697
0.123697529686929 0.155314445495606
0.124101767616006 0.155285835266113
0.124506013582742 0.155222415924072
0.124910243474161 0.155174255371094
0.125314505516212 0.155118942260742
0.125718751482948 0.155045032501221
0.126122989412025 0.155003547668457
0.126527227341103 0.154919624328613
0.12693146527018 0.154860973358154
0.127335711236916 0.15477180480957
0.127739949165993 0.154721260070801
0.128144187095071 0.154641151428223
0.128548425024148 0.154572486877441
0.128952670990884 0.154475688934326
0.129356908919961 0.154408931732178
0.129761146849039 0.15432596206665
0.130165392815774 0.154245376586914
0.130569654857825 0.154165744781494
0.130973876711587 0.154041290283203
0.13137813071598 0.153972625732422
0.1317823606074 0.153892993927002
0.132186606574135 0.153805732727051
0.132590860578529 0.153729438781738
0.132995114582922 0.153604984283447
0.133399344474342 0.153531551361084
0.133803590441077 0.153467178344727
0.134207820332497 0.15335750579834
0.134612066299232 0.153270721435547
0.135016304228309 0.153160095214844
0.135420566270361 0.15306568145752
0.135824812237096 0.152957439422607
0.136229074279147 0.152859687805176
0.136633304170567 0.152721405029297
0.137037534061987 0.152611255645752
0.137441780028722 0.152490139007568
0.137846025995457 0.152381896972656
0.138250255886877 0.152277946472168
0.138654501853612 0.1521897315979
0.139058747820348 0.152040958404541
0.139462977711767 0.151939868927002
0.139867239753819 0.151876449584961
0.14027150179587 0.151788234710693
0.14067573168729 0.151716232299805
0.141079977654025 0.151608467102051
0.141484207545445 0.151530265808106
0.14188845351218 0.151412010192871
0.142292699478915 0.151241302490234
0.142696961520967 0.151102066040039
0.143101191412386 0.150938510894775
0.143505421303806 0.150747776031494
0.143909683345857 0.15058708190918
0.144313913237277 0.150442600250244
0.144718159204012 0.150321483612061
0.145122421246063 0.150167942047119
0.145526651137483 0.150022029876709
0.145930913179534 0.149861812591553
0.146335143070954 0.149741172790527
0.146739389037689 0.149596691131592
0.147143635004424 0.14942741394043
0.147547848820528 0.149306774139404
0.147952094787264 0.149145126342773
0.148356356829315 0.148975372314453
0.148760586720734 0.148815155029297
0.149164848762786 0.14865255355835
0.149569094729521 0.148474216461182
0.149973340696256 0.148310661315918
0.150377570587676 0.148168563842773
0.150781800479096 0.148008823394775
0.151186062521147 0.147827625274658
0.151590308487882 0.147709369659424
0.151994570529934 0.147505760192871
0.152398800421353 0.147349834442139
0.152803030312773 0.147182941436768
0.153207292354824 0.146996021270752
0.153611538321559 0.146816730499268
0.154015752137663 0.146619319915771
0.154420014179714 0.146464824676514
0.154824276221766 0.146304607391357
0.155228490037869 0.146138191223145
0.155632736004605 0.145937442779541
0.15603698197134 0.14577579498291
0.15644121186276 0.145576477050781
0.156845457829495 0.145362854003906
0.157249703796231 0.14516544342041
0.157653949762966 0.144989013671875
0.158058195729702 0.144768238067627
0.158462441696437 0.144574165344238
0.158866687663172 0.144385814666748
0.159270917554592 0.14417028427124
0.159675163521327 0.143936634063721
0.160079409488063 0.143747806549072
0.160483623304167 0.143506526947021
0.160887885346218 0.143300533294678
0.161292131312953 0.143054485321045
0.161696377279689 0.142814636230469
0.16210063932174 0.142561435699463
0.16250486921316 0.142355442047119
0.162909083029263 0.142129421234131
0.163313328995999 0.141867160797119
0.16371759103805 0.141655921936035
0.16412182092947 0.141416072845459
0.164526082971521 0.141152858734131
0.164930296787625 0.140963554382324
0.16533454275436 0.140706539154053
0.165738788721095 0.140493392944336
0.166143018612515 0.140233039855957
0.166547280654566 0.140025138854981
0.166951526621302 0.139750003814697
0.167355756512721 0.13951301574707
0.167759986404141 0.139280796051025
0.16816421629556 0.139006614685059
0.168568478337612 0.138756275177002
0.168972740379663 0.138494968414307
0.169376970271083 0.138245105743408
0.169781216237818 0.138007164001465
0.170185446129238 0.137766361236572
0.170589692095973 0.137460708618164
0.170993921987393 0.137230396270752
0.171398167954128 0.136955261230469
0.171802397845548 0.136693000793457
0.172206643812283 0.136426448822021
0.172610873703703 0.136190414428711
0.173015119670438 0.135931491851807
0.173419365637173 0.135656356811523
0.173823611603909 0.135372161865234
0.174227825420013 0.135109424591064
0.174632071386748 0.134824752807617
0.175036317353483 0.13455867767334
0.175440563320219 0.134325981140137
0.175844777136323 0.134047985076904
0.176249039178374 0.13381814956665
0.176653269069794 0.133585929870606
0.177057531111844 0.133322715759277
0.177461761003264 0.133068561553955
0.177865990894684 0.132832050323486
0.178270236861419 0.132588863372803
0.178674466752839 0.132266998291016
0.179078712719574 0.132007122039795
0.179482974761625 0.131744384765625
0.179887204653045 0.131468296051025
0.18029145061978 0.131212711334229
0.1806956805112 0.130964279174805
0.181099926477935 0.130712509155273
0.181504156369355 0.130435466766357
0.18190840233609 0.130169868469238
0.182312648302826 0.129899978637695
0.182716894269561 0.129632472991943
0.183121108085665 0.129375457763672
0.183525386203032 0.129095077514648
0.183929616094452 0.128810882568359
0.184333878136503 0.128458976745606
0.184738108027922 0.128189563751221
0.185142337919342 0.127904891967773
0.185546583886078 0.127621650695801
0.185950829852813 0.127338886260986
0.186355059744233 0.127028942108154
0.186759305710968 0.126762390136719
0.187163551677703 0.126485347747803
0.187567797644439 0.126169681549072
0.187972043611174 0.125901222229004
0.188376273502594 0.125626087188721
0.188780535544645 0.125383853912354
0.18918478151138 0.125082492828369
0.189589027478116 0.124801158905029
0.18999324129422 0.124481201171875
0.190397503336271 0.124224662780762
0.190801765378322 0.123964309692383
0.191205979194426 0.123704433441162
0.191610209085846 0.123424053192139
0.192014471127897 0.123193264007568
0.192418701019316 0.12288236618042
0.192822930910736 0.122634887695313
0.193227160802156 0.122364044189453
0.193631422844207 0.122066020965576
0.194035652735626 0.121799468994141
0.194439882627046 0.121485710144043
0.194844128593781 0.121256351470947
0.195248374560517 0.120998859405518
0.195652604451936 0.120730876922607
0.196056850418672 0.120458126068115
0.196461096385407 0.120201110839844
0.196865342352143 0.119911193847656
0.197269572243562 0.119699001312256
0.197673818210298 0.119410991668701
0.198078064177033 0.119178771972656
0.198482294068453 0.11890983581543
0.198886507884556 0.118675231933594
0.199290769926608 0.118424415588379
0.199694983742711 0.118175983428955
0.200099245784763 0.117941379547119
0.200503491751498 0.11771297454834
0.200907705567602 0.117460250854492
0.201311983684969 0.117254257202148
0.201716181425757 0.117053031921387
0.202120459543124 0.116870880126953
0.202524657283912 0.116669178009033
0.202928919325963 0.11650276184082
0.203333165292699 0.116297721862793
0.203737395184118 0.116103172302246
0.204141641150854 0.115870952606201
0.204545871042273 0.115637302398682
0.204950117009009 0.115475654602051
0.205354362975744 0.115276336669922
0.205758608942479 0.115029811859131
0.206162854909215 0.114838600158691
0.206567084800634 0.114592552185059
0.206971314692054 0.114395141601563
0.207375560658789 0.114187717437744
0.207779790550209 0.113930702209473
0.208184020441629 0.113711357116699
0.208588250333048 0.113485813140869
0.208992528450415 0.113314151763916
0.209396774417151 0.113032341003418
0.20980100430857 0.112818241119385
0.210205250275306 0.112563133239746
0.210609496242041 0.112314701080322
0.211013726133461 0.112107753753662
0.21141795602488 0.111871719360352
0.2118221859163 0.111617088317871
0.212226447958351 0.11137580871582
0.212630677849771 0.111135959625244
0.213034923816506 0.110881328582764
0.213439153707926 0.110662460327148
0.213843383599345 0.110366344451904
0.214247645641397 0.110066890716553
0.214651875532816 0.109861850738525
0.215056121499552 0.109616756439209
0.215460383541603 0.109384059906006
0.215864613433022 0.109127998352051
0.216268859399758 0.108931541442871
0.216673105366493 0.108693599700928
0.217077351333229 0.108482360839844
0.217481597299964 0.108247756958008
0.2178858432667 0.108039855957031
0.218290073158119 0.107813835144043
0.218694303049539 0.107610702514648
0.21909856509159 0.107388973236084
0.219502811058325 0.10715389251709
0.219907024874429 0.106934070587158
0.220311270841165 0.106681346893311
0.2207155168079 0.106449127197266
0.22111974669932 0.106210231781006
0.221523992666055 0.105940341949463
0.221928222557475 0.105654716491699
0.222332452448894 0.105452060699463
0.222736714490945 0.105170726776123
0.223140960457681 0.104919910430908
0.2235451903491 0.104663848876953
0.223949436315836 0.104448795318604
0.224353682282571 0.104190349578857
0.224757944324623 0.103926181793213
0.225162174216042 0.103695392608643
0.225566404107462 0.10344409942627
0.225970666149513 0.103216648101807
0.226374912116248 0.102973461151123
0.226779142007668 0.102703094482422
0.227183371899088 0.102489471435547
0.227587617865823 0.10225772857666
0.227991863832558 0.102024555206299
0.228396125874609 0.101787567138672
0.228800355766029 0.101561546325684
0.229204601732765 0.101315021514893
0.2296088476995 0.101091861724854
0.23001307759092 0.100909233093262
0.230417355708287 0.100682258605957
0.23082156952439 0.100447177886963
0.231225815491126 0.100251197814941
0.231630077533177 0.100063323974609
0.232034307424597 0.099889755249024
0.232438553391332 0.099632740020752
0.232842815433383 0.09940767288208
0.233247029249487 0.099215984344483
0.233651307366854 0.098996162414551
0.23405555333359 0.098817348480225
0.234459783225009 0.098611354827881
0.23486404526706 0.098455429077149
0.23526827515848 0.098266124725342
0.2356725050499 0.098130226135254
0.236076751016635 0.09790563583374
0.236481013058686 0.097743034362793
0.236885242950106 0.097559452056885
0.237289488916841 0.097365856170654
0.237693718808261 0.09718656539917
0.238097964774996 0.097015380859375
0.238502210741732 0.09682035446167
0.238906456708467 0.096651554107666
0.239310702675203 0.096449851989746
0.239714948641938 0.096276760101318
0.240119178533358 0.096109867095947
0.240523408424777 0.095946311950684
0.240927654391513 0.095761299133301
0.241331900358248 0.095629692077637
0.241736146324983 0.095427989959717
0.242140392291719 0.095305919647217
0.242544622183138 0.095158576965332
0.242948868149874 0.095016956329346
0.243353098041293 0.094861030578613
0.243757344008029 0.094690322875977
0.244161573899448 0.094556331634522
0.244565819866184 0.094390869140625
0.244970017606972 0.094297409057617
0.245374279649023 0.094148635864258
0.245778509540443 0.09404468536377
0.24618278765781 0.093930721282959
0.246587001473913 0.093839645385742
0.246991247440649 0.093775749206543
0.247395477332068 0.093670845031738
0.247799723298804 0.093555927276611
0.248203969265539 0.093488216400147
0.248608199156959 0.093375205993652
0.24901246119901 0.093309879302979
0.249416675015114 0.093201160430908
0.249820937057165 0.093103885650635
0.250225150873269 0.093009948730469
0.25062941291532 0.092929363250733
0.251033626731424 0.092811584472656
0.251437888773475 0.092731952667236
0.251842134740211 0.092653274536133
0.25224636463163 0.09259843826294
0.25265059452305 0.092558860778809
0.253054856565101 0.092426300048828
0.253459070381205 0.092356204986572
0.25386331634794 0.092309474945068
0.25426754623936 0.092232704162598
0.254671792206095 0.092149257659912
0.255076038172831 0.09212064743042
0.255480284139566 0.092033386230469
0.255884514030986 0.091992855072022
0.256288759997721 0.091938018798828
0.256692989889141 0.091867923736572
0.257097235855876 0.091846466064453
0.257501465747296 0.091748714447022
0.257905711714031 0.091737270355225
0.258309957680766 0.091695785522461
0.258714219722818 0.091630935668945
0.259118449614237 0.091587066650391
0.259522679505657 0.091541767120361
0.259926941547708 0.091495037078858
0.260331171439128 0.09148120880127
0.260735417405863 0.091455936431885
0.261139647297283 0.091425895690918
0.261543893264018 0.091361045837402
0.261948139230754 0.091334819793701
0.262352385197489 0.091322898864746
0.262756615088909 0.091278553009033
0.263160861055644 0.091245174407959
0.263565107022379 0.091206073760986
0.263969336913799 0.091203212738037
0.26437359895585 0.091171264648438
0.264777796696638 0.091107368469238
0.26518205873869 0.09112548828125
0.265586288630109 0.091111660003662
0.265990534596845 0.091102123260498
0.266394764488264 0.091095447540283
0.266799010454999 0.091043472290039
0.267203224271103 0.091058254241943
0.267607486313154 0.091052055358887
0.26801173227989 0.091058731079102
0.268415962171309 0.091054439544678
0.268820192062729 0.091013908386231
0.26922445410478 0.090993881225586
0.2696286839962 0.090980052947998
0.270032929962935 0.090978622436524
0.270437159854355 0.091018199920654
0.270841389745775 0.090938568115234
0.271245651787826 0.090965270996094
0.271649881679245 0.090926647186279
0.272054111570665 0.090916156768799
0.272458373612716 0.090935230255127
0.272862603504136 0.090882301330566
0.273266833395555 0.090872764587402
0.273671095437607 0.090855598449707
0.274075325329026 0.090837478637695
0.274479555220446 0.09083890914917
0.274883785111865 0.090839862823486
0.275288015003285 0.090857982635498
0.275692277045336 0.090879917144775
0.276096506936756 0.090834617614746
0.276500736828175 0.090831279754639
0.276904966719595 0.090815544128418
0.277309196611014 0.090831279754639
0.277713426502434 0.090825080871582
0.278117656393853 0.090800762176514
0.278521918435904 0.090814113616943
0.278926148327324 0.090820789337158
0.279330378218743 0.090800762176514
0.279734608110163 0.090812206268311
0.280138838001583 0.090814113616943
0.280543067893002 0.090814113616943
0.280947297784422 0.090768814086914
0.281351559826475 0.090782165527344
0.281755789717895 0.090793132781983
0.28215998745868 0.090805530548096
0.282564249500734 0.090800762176514
0.282968511542785 0.090818405151367
0.283372709283573 0.090818405151367
0.283776971325624 0.090795040130615
0.284181169066412 0.090817451477051
0.284585398957832 0.090798377990723
0.284989660999883 0.090779304504395
0.285393890891302 0.090717792510986
0.285798120782722 0.090733528137207
0.286202350674141 0.090744495391846
0.286606612716192 0.090723991394043
0.287010842607612 0.090707302093506
0.287415072499031 0.090711116790772
0.287819302390451 0.090692043304443
0.28822353228187 0.090705871582031
0.28862776217329 0.090693473815918
0.28903199206471 0.090693473815918
0.28943625410676 0.090695381164551
0.289840451847549 0.090710163116455
0.290244713889599 0.090720653533936
0.290648943781019 0.090686798095703
0.291053173672439 0.090706825256348
0.291457403563858 0.09068775177002
0.291861665605909 0.090677261352539
0.292265863346697 0.090671062469483
0.292670125388748 0.090657234191895
0.293074323129537 0.090651035308838
0.293478553020956 0.090651988983154
0.293882815063007 0.090660572052002
0.29428707710506 0.090627193450928
0.29469130699648 0.090664863586426
0.2950955368879 0.090638160705566
0.295499766779319 0.090683937072754
0.29590402882137 0.090658187866211
0.296308226562158 0.09068489074707
0.296712488604209 0.090649604797363
0.297116718495629 0.090676307678223
0.297520948387048 0.090676307678223
0.297925178278468 0.090690135955811
0.298329408169887 0.090632438659668
0.298733638061307 0.090649604797363
0.299137867952726 0.090651035308838
0.299542097844146 0.090660572052002
0.299946327735566 0.090644359588623
0.300350557626985 0.090643405914307
0.300754819669036 0.09065055847168
0.301159017409824 0.090693473815918
0.301563279451875 0.090691089630127
0.301967509343295 0.090681552886963
0.302371739234714 0.090702533721924
0.302775969126134 0.090712070465088
0.303180199017553 0.090707302093506
0.303584428908973 0.090721130371094
0.303988690951024 0.090729236602783
0.304392888691812 0.090734481811524
0.304797150733863 0.090754985809326
0.305201380625282 0.090744495391846
0.305605610516702 0.090732574462891
0.306009840408122 0.090761184692383
0.306414102450172 0.090788841247559
0.306818300190961 0.090804576873779
0.307222562233012 0.090836524963379
0.307626792124431 0.090830326080322
0.308031022015851 0.090820789337158
0.308435284057904 0.090836524963379
0.308839513949324 0.090825080871582
0.309243743840743 0.090860843658447
0.309647973732163 0.090867519378662
0.310052203623583 0.090906620025635
0.310456433515002 0.090993881225586
0.310860695557053 0.091027736663818
0.311264925448472 0.091044902801514
0.311669123189261 0.091030120849609
0.312073417381943 0.090970516204834
0.312477647273362 0.090976715087891
0.312881877164782 0.090973854064941
0.313286107056201 0.090974807739258
0.313690336947621 0.090930938720703
0.314094566839041 0.090906620025635
0.31449879673046 0.09088945388794
0.314903058772511 0.090841770172119
0.315307288663931 0.090825080871582
0.315711486404719 0.09076452255249
0.31611574844677 0.090761184692383
0.316519978338189 0.090750694274902
0.316924208229609 0.090758800506592
0.317328438121028 0.090773105621338
0.317732668012448 0.090790748596191
0.318136897903868 0.090778350830078
0.318541159945921 0.090812206268311
0.318945389837341 0.090776920318604
0.319349587578126 0.090794086456299
0.31975384962018 0.090786933898926
0.3201580795116 0.090820789337158
0.320562309403019 0.090817451477051
0.320966507143805 0.090827941894531
0.321370769185858 0.090843200683594
0.321774999077278 0.090845108032227
0.322179228968697 0.090830326080322
0.322583458860117 0.090812206268311
0.322987688751537 0.090806007385254
0.323391918642956 0.090817451477051
0.323796180685007 0.09080171585083
0.324200378425795 0.090805530548096
0.324604608317215 0.090815544128418
0.325008838208634 0.090813159942627
0.325413068100054 0.090816497802734
0.325817297991474 0.09080696105957
0.326221560033524 0.090838432312012
0.326625757774313 0.090838432312012
0.327030019816364 0.090836524963379
0.327434249707783 0.090862274169922
0.327838447448572 0.090850353240967
0.328242677339991 0.090851306915283
0.328646939382042 0.090860843658447
0.329051169273461 0.090846061706543
0.329455399164881 0.090843200683594
0.329859629056301 0.090841770172119
0.33026385894772 0.090866088867188
0.33066808883914 0.090851306915283
0.331072318730559 0.0908522605896
0.33147658077261 0.090853691101074
0.33188081066403 0.090813159942627
0.332285040555449 0.090816497802734
0.332689270446869 0.090826034545899
0.333093500338288 0.090800762176514
0.333497698079077 0.090795040130615
0.333901992271759 0.09080982208252
0.334306190012547 0.090777397155762
0.334710419903967 0.090765476226807
0.335114681946017 0.09076738357544
0.335518911837437 0.090750694274902
0.335923141728857 0.090746402740479
0.336327371620276 0.090755939483643
0.336731601511696 0.090782165527344
0.337135831403115 0.090755939483643
0.337540061294535 0.09072208404541
0.337944259035324 0.09069299697876
0.338348488926743 0.090710163116455
0.338752750968794 0.090704917907715
0.339156980860213 0.090723991394043
0.339561178601002 0.090723991394043
0.339965472793686 0.090718746185303
0.340369670534472 0.090715408325195
0.340773868275261 0.090766429901123
0.341178130317311 0.090815544128418
0.3415823280581 0.09083890914917
0.341986590100151 0.09087610244751
0.342390787840939 0.090897083282471
0.34279504988299 0.090907573699951
0.343199279774409 0.09093189239502
0.343603541816463 0.090956687927246
0.344007739557248 0.090986251831055
0.344411969448668 0.091024398803711
0.344816167189457 0.091024398803711
0.345220429231507 0.091048717498779
0.345624626972296 0.091094493865967
0.34602892116498 0.091107368469238
0.346433118905766 0.091131687164307
0.346837380947819 0.091110706329346
0.347241578688605 0.091109275817871
0.347645840730659 0.091103076934815
0.348050038471444 0.091084957122803
0.348454268362864 0.091095447540283
0.348858530404917 0.091085910797119
0.349262760296337 0.091068267822266
0.349666990187756 0.091060638427734
0.350071220079176 0.091072082519531
0.350475449970596 0.091043472290039
0.350879679862015 0.090996742248535
0.351283909753435 0.091039657592774
0.351688139644854 0.090976715087891
0.352092369536274 0.090990543365479
0.352496599427694 0.090956687927246
0.352900829319113 0.090934276580811
0.353305027059902 0.090898990631104
0.353709256951321 0.090904712677002
0.354113551144003 0.090902328491211
0.354517748884792 0.090885162353516
0.35492194662558 0.090897083282471
0.355326176517 0.090857028961182
0.355730406408419 0.090866565704346
0.356134636299839 0.090852737426758
0.356538898341889 0.090851306915283
0.356943096082678 0.090786933898926
0.357347358124729 0.090804576873779
0.357751555865517 0.090755939483643
0.358155785756937 0.090757846832275
0.358560015648356 0.090739727020264
0.358964245539776 0.090750694274902
0.359368443280562 0.090726375579834
0.359772705322615 0.09068775177002
0.360176967364666 0.090681552886963
0.360581165105454 0.090693473815918
0.360985394996874 0.09067440032959
0.361389624888293 0.090662479400635
0.361793854779713 0.090673923492432
0.362198116821764 0.090641498565674
0.362602314562552 0.090633869171143
0.363006576604603 0.090609073638916
0.363410774345391 0.090592384338379
0.363815036387442 0.090586185455322
0.364219266278862 0.09055757522583
0.364623496170281 0.090511798858643
0.365027726061701 0.090509414672852
0.365431988103752 0.090499877929688
0.365836217995171 0.090482711791992
0.366240447886591 0.090428829193115
0.366644645627379 0.090424537658691
0.367048875518799 0.090421676635742
0.367453137560849 0.090387344360352
0.367857367452269 0.090364933013916
0.368261597343689 0.090356349945068
0.368665827235108 0.0903639793396
0.369070057126528 0.090309143066406
0.369474287017947 0.090334415435791
0.369878516909367 0.090266227722168
0.370282746800787 0.090281486511231
0.370687008842837 0.09025764465332
0.371091206583626 0.090246200561524
0.371495436475045 0.090194225311279
0.371899634215834 0.090244293212891
0.372303864107253 0.090164661407471
0.372708126149304 0.090174198150635
0.373112323890092 0.090171813964844
0.373516521630881 0.090157985687256
0.373920783672932 0.090134620666504
0.374325013564351 0.090108394622803
0.374729243455771 0.090094089508057
0.37513347334719 0.090097427368164
0.375537671087979 0.09009313583374
0.375941900979398 0.090106010437012
0.376346130870818 0.090071201324463
0.376750360762238 0.090053081512451
0.377154590653657 0.090036869049072
0.377558788394446 0.090020179748535
0.377963050436496 0.090012550354004
0.378367248177285 0.08996057510376
0.378771445918071 0.089953422546387
0.379175707960124 0.089949131011963
0.379579937851544 0.089929580688477
0.379984135592332 0.089892864227295
0.380388365483752 0.089874744415283
0.380792595375171 0.089856624603272
0.381196793115957 0.089830875396729
0.38160105515801 0.089819431304932
0.38200528504943 0.089805603027344
0.382409482790216 0.089809894561768
0.3828137769829 0.089782238006592
0.383217974723689 0.089752674102783
0.383622204615108 0.08976936340332
0.384026434506528 0.089723587036133
0.384430664397948 0.089697360992432
0.384834862138733 0.089692115783691
0.385239124180787 0.089675903320313
0.385643386222837 0.089663028717041
0.386047551812992 0.089668273925781
0.386451781704412 0.08963680267334
0.386856011595831 0.089615345001221
0.387260241487251 0.089593410491943
0.38766447137867 0.089585781097412
0.38806870127009 0.089556217193604
0.38847293116151 0.089555740356445
0.388877128902298 0.089513301849365
0.389281390944349 0.089511394500733
0.389685588685137 0.089484691619873
0.390089818576557 0.089443683624268
0.390494048467976 0.089455127716065
0.390898310510027 0.08942985534668
0.391302572552081 0.089393615722656
0.391706770292866 0.089394569396973
0.39211103233492 0.08936882019043
0.392515262226339 0.089365959167481
0.39291952426839 0.089315891265869
0.393323786310441 0.0893235206604
0.393727984051229 0.089334964752197
0.39413224609328 0.089300155639649
0.394536475984699 0.089277744293213
0.394940705876119 0.0892333984375
0.39534496791817 0.089206695556641
0.395749197809589 0.089237689971924
0.39615345985164 0.089239597320557
0.39655768974306 0.089143753051758
0.396961919634479 0.089084625244141
0.397366149525899 0.089117527008057
0.397770411567952 0.089083194732666
0.398174673610003 0.089062213897705
0.398578903501423 0.089033603668213
0.398983165543473 0.089036464691162
0.399387395434893 0.088992118835449
0.399791625326312 0.088973999023438
0.400195855217732 0.088951587677002
0.400600117259783 0.088928699493408
0.401004379301834 0.088895797729492
0.401408641343887 0.088886737823486
0.401812871235307 0.088871955871582
0.402217101126726 0.088850975036621
0.402621395319408 0.088830471038818
0.403025593060196 0.088798999786377
0.403429855102247 0.088772296905518
0.403834084993667 0.088745594024658
0.404238347035717 0.088711738586426
0.404642609077768 0.088709831237793
0.405046806818557 0.088677883148193
0.405451101011241 0.088637351989746
0.405855298752027 0.088627815246582
0.40625956079408 0.088574886322022
0.4066637906855 0.088581085205078
0.40706802057692 0.088516712188721
0.40747228261897 0.088500499725342
0.407876480359759 0.088460445404053
0.408280742401809 0.088460445404053
0.40868500444386 0.088426113128662
0.409089266485911 0.088437080383301
0.409493464226699 0.088348865509033
0.40989772626875 0.08835506439209
0.410301924009538 0.088342189788818
0.410706153900958 0.088320255279541
0.411110383792378 0.088253974914551
0.411514613683797 0.088260650634766
0.411918875725848 0.088220119476318
0.412323073466636 0.088188171386719
0.412727303358056 0.088145732879639
0.413131533249476 0.088102340698242
0.413535763140895 0.088053703308106
0.413939993032315 0.088027000427246
0.414344222923734 0.088032245635986
0.414748452815154 0.087987899780274
0.415152682706574 0.087961196899414
0.415556880447362 0.087928295135498
0.415961110338782 0.087884902954102
0.416365372380832 0.087859153747559
0.416769570121621 0.087833404541016
0.417173832163671 0.087814807891846
0.417578062055091 0.087767601013184
0.41798225979588 0.087763786315918
0.418386489687299 0.087718963623047
0.418790719578719 0.087709426879883
0.419194949470138 0.087676525115967
0.419599179361558 0.087661743164063
0.420003409252977 0.087621212005615
0.420407606993766 0.087577819824219
0.420811869035817 0.087564945220947
0.421216066776605 0.087538242340088
0.421620296668025 0.087482452392578
0.422024526559444 0.087465286254883
0.422428724300233 0.087418556213379
0.422832954191652 0.087414264678955
0.423237184083072 0.087364196777344
0.423641413974492 0.087310314178467
0.424045611715277 0.087284564971924
0.424449841606697 0.087262153625488
0.42485410364875 0.087201595306397
0.425258301389536 0.087181568145752
0.425662531280956 0.087170124053955
0.426066761172375 0.087106227874756
0.426471023214429 0.087072372436524
0.426875220955214 0.087049007415772
0.427279418696003 0.086999893188477
0.427683648587422 0.086997032165527
0.428087878478842 0.086937427520752
0.42849207621963 0.086918354034424
0.428896338261681 0.086883544921875
0.429300600303735 0.086828231811524
0.429704830195154 0.086806774139404
0.430109092237205 0.086791038513184
0.430513289977993 0.086752414703369
0.430917552020044 0.086677551269531
0.431321814062095 0.086677074432373
0.431726076104145 0.086610317230225
0.432130305995565 0.086568832397461
0.432534568037616 0.086562633514404
0.432938765778404 0.086512565612793
0.433343059971086 0.086508274078369
0.433747257711874 0.086413860321045
0.434151487603294 0.086410999298096
0.434555749645345 0.086387157440186
0.434960043838029 0.086308002471924
0.435364273729449 0.086284160614014
0.4357685357715 0.086245059967041
0.43617279781355 0.086202621459961
0.436576995554339 0.086168766021729
0.43698125759639 0.086086750030518
0.43738551963844 0.086071968078613
0.437789781680494 0.086062431335449
0.438194011571913 0.086026191711426
0.438598241463333 0.085987091064453
0.439002503505384 0.085921287536621
0.439406765547434 0.085895538330078
0.439810995438854 0.085837364196777
0.440215225330273 0.085794925689697
0.440619455221693 0.08574390411377
0.441023717263744 0.08571720123291
0.441427947155163 0.085650444030762
0.441832209197214 0.085620880126953
0.442236471239268 0.085569858551025
0.442640733281318 0.085536956787109
0.443044963172738 0.085503101348877
0.443449193064157 0.085461616516113
0.443853455106208 0.08542537689209
0.444257684997628 0.085398674011231
0.444661914889047 0.08534574508667
0.445066176931098 0.085299968719483
0.445470471123783 0.085249900817871
0.445874701015202 0.085207939147949
0.446278898755988 0.08517599105835
0.446683160798041 0.085108757019043
0.447087390689461 0.085047245025635
0.447491684882143 0.085020542144775
0.447895914773562 0.084993362426758
0.448300144664982 0.084913730621338
0.448704374556402 0.08489990234375
0.449108636598452 0.084864616394043
0.449512834339241 0.084784984588623
0.44991706423066 0.08471155166626
0.450321326272711 0.084671497344971
0.450725524013499 0.084653377532959
0.45112978605555 0.0845947265625
0.451533951645708 0.084542751312256
0.451938213687758 0.084511280059815
0.452342443579178 0.084452629089356
0.452746673470597 0.084393501281738
0.453150871211386 0.084312438964844
0.453555165404068 0.084279537200928
0.453959395295487 0.084264755249024
0.454363593036276 0.084231853485108
0.454767855078326 0.0841383934021
0.455172052819115 0.0841064453125
0.455576250559903 0.084025859832764
0.455980512601954 0.083992004394531
0.456384742493374 0.083960056304932
0.456788972384793 0.083897113800049
0.457193202276213 0.083841323852539
0.457597432167632 0.083817481994629
0.458001694209683 0.083776473999024
0.458405891950472 0.083691596984863
0.45881008969126 0.083633899688721
0.459214351733311 0.083594799041748
0.45961858162473 0.083556652069092
0.460022843666781 0.083512783050537
0.460427073558201 0.083446979522705
0.46083130344962 0.083408832550049
0.461235469039778 0.083360195159912
0.461639731081828 0.083278179168701
0.462043960973248 0.083232879638672
0.462448158714036 0.0831298828125
0.462852420756087 0.083124160766602
0.463256650647507 0.083054065704346
0.463660880538926 0.082983016967774
0.464065078279715 0.082956314086914
0.464469340321765 0.08289098739624
0.464873570213185 0.08281946182251
0.465277767953973 0.082801342010498
0.465681997845393 0.08269739151001
0.466086259887444 0.082675457000733
0.466490457628232 0.082613468170166
0.466894687519652 0.082535266876221
0.467298917411071 0.082507610321045
0.467703147302491 0.082449913024902
0.468107377193911 0.082352161407471
0.46851160708533 0.082303524017334
0.468915869127381 0.08225679397583
0.4693200990188 0.082194328308106
0.469724361060851 0.082135677337647
0.470128623102905 0.082100868225098
0.470532885144955 0.082048416137695
0.470937115036375 0.081969261169434
0.471341344927794 0.081942558288574
0.471745606969845 0.081831932067871
0.472149869011896 0.081765174865723
0.472554098903315 0.081737518310547
0.472958328794735 0.08165979385376
0.47336262298742 0.081599235534668
0.473766820728205 0.081515789031983
0.474171050619625 0.081458568572998
0.474575280511045 0.081411361694336
0.474979542553098 0.081352233886719
0.475383804595149 0.081287384033203
0.475788066637199 0.081206798553467
0.476192296528619 0.081154346466065
0.47659655857067 0.081065654754639
0.477000788462089 0.081029415130615
0.477405018353509 0.080945491790772
0.47780928039556 0.080903053283691
0.478213542437613 0.080835819244385
0.478617772329033 0.080780982971191
0.479022034371083 0.08073091506958
0.479426264262503 0.08065128326416
0.479830558455185 0.080596923828125
0.480234788346604 0.080540657043457
0.480639018238024 0.080469608306885
0.481043248129444 0.080400943756104
0.481447542322125 0.08031177520752
0.481851772213545 0.080264568328858
0.482256002104965 0.08019495010376
0.482660231996384 0.080123424530029
0.483064494038438 0.080041885375977
0.483468756080488 0.079965591430664
0.483872985971908 0.079913139343262
0.48427728016459 0.079828262329102
0.484681510056009 0.079763412475586
0.485085739947429 0.079716682434082
0.485489969838848 0.079633235931397
0.485894231880899 0.079578876495361
0.486298429621688 0.07948112487793
0.486702691663738 0.079399108886719
0.487106921555158 0.079304695129395
0.487511183597211 0.079268932342529
0.487915381337997 0.079197406768799
0.488319611229417 0.079127311706543
0.48872387327147 0.07903528213501
0.48912810316289 0.078991413116455
0.489532333054309 0.078888416290283
0.489936562945729 0.078836441040039
0.490340760686517 0.078755855560303
0.490745022728568 0.078688144683838
0.491149252619988 0.078598499298096
0.491553482511407 0.078524589538574
0.491957680252196 0.078454494476318
0.492361942294246 0.078375816345215
0.492766172185666 0.078317165374756
0.493170369926454 0.078201293945313
0.493574631968505 0.078150749206543
0.493978861859925 0.0780930519104
0.494383091751344 0.078030586242676
0.494787289492133 0.077932834625244
0.495191519383553 0.077826499938965
0.495595749274972 0.077782154083252
0.495999979166392 0.077713012695313
0.496404209057811 0.077597618103027
0.496808471099862 0.077538013458252
0.497212700991281 0.077449798583984
0.497616930882701 0.077372074127197
0.49802112862349 0.077303409576416
0.498425358514909 0.077189445495606
0.498829588406329 0.077115058898926
0.499233786147114 0.077027320861816
0.499638048189168 0.076975345611572
0.500042278080588 0.076865673065186
0.500446540122638 0.076798915863037
0.500850705712793 0.076685428619385
0.501254967754846 0.076600074768066
0.501659197646266 0.076550483703613
0.502063395387051 0.076441287994385
0.502467625278471 0.076333999633789
0.502871887320525 0.076263904571533
0.50327608506131 0.076199054718018
0.503680347103364 0.076124668121338
0.504084576994783 0.076027870178223
0.504488806886203 0.075918674468994
0.504893036777623 0.075840950012207
0.505297266669042 0.07574987411499
0.505701528711093 0.075683116912842
0.506105758602512 0.075581073760986
0.506509988493932 0.075502395629883
0.506914218385352 0.075416088104248
0.507318480427402 0.075345993041992
0.507722742469453 0.075233459472656
0.508126972360873 0.075155258178711
0.508531234402923 0.075077533721924
0.508935464294343 0.07499361038208
0.509339758487027 0.07491397857666
0.509743956227816 0.074816226959229
0.510148186119235 0.074732303619385
0.510552448161286 0.074635028839111
0.510956678052706 0.074573993682861
0.511360972245388 0.074486255645752
0.511765202136807 0.074387550354004
0.512169432028227 0.074282169342041
0.512573694070277 0.074218273162842
0.512977956112331 0.074109077453613
0.51338218600375 0.07403039932251
0.513786448045801 0.073969841003418
0.514190710087852 0.073856353759766
0.514594939979272 0.073745250701904
0.514999169870691 0.073653697967529
0.515403431912742 0.073567867279053
0.515807726105426 0.073464870452881
0.516211923846212 0.073389053344727
0.516616185888265 0.073287487030029
0.517020447930316 0.073224544525147
0.517424709972367 0.073136329650879
0.517828939863787 0.073066711425781
0.518233169755206 0.072966575622559
0.518637399646626 0.072870254516602
0.519041693839308 0.072783946990967
0.519445923730727 0.072733879089356
0.519850217923412 0.07265567779541
0.5202544156642 0.072585582733154
0.520658677706251 0.0725417137146
0.521062939748302 0.072442054748535
0.521467169639721 0.072372913360596
0.521871431681772 0.072264671325684
0.522275661573192 0.072208404541016
0.522679923615242 0.072128772735596
0.523084153506662 0.072048187255859
0.523488415548712 0.07194709777832
0.523892613289501 0.071884632110596
0.524296907482186 0.071837902069092
0.524701169524236 0.071764469146729
0.525105367265025 0.071703910827637
0.525509597156444 0.071615695953369
0.525913827047864 0.071564197540283
0.526318056939283 0.0715012550354
0.526722286830703 0.071408748626709
0.527126548872754 0.071325778961182
0.527530746613542 0.071280479431152
0.527935008655593 0.071195602416992
0.528339206396381 0.071146488189697
0.528743468438432 0.071065902709961
0.529147698329852 0.071007251739502
0.52955189607064 0.070901393890381
0.52995612596206 0.070884227752686
0.530360355853479 0.070828914642334
0.530764585744899 0.070735454559326
0.531168815636318 0.070677280426025
0.531573045527738 0.070594310760498
0.531977275419158 0.07053804397583
0.532381505310577 0.070448875427246
0.532785735201997 0.070408821105957
0.533189997244048 0.070324897766113
0.533594227135467 0.070254802703858
0.533998457026887 0.070205688476563
0.534402686918306 0.070168495178223
0.534806916809726 0.070104122161865
0.535211146701146 0.070014476776123
0.535615376592565 0.069957256317139
0.536019606483985 0.06993293762207
0.536423836375404 0.069857597351074
0.536828066266824 0.069753170013428
0.537232296158243 0.069702625274658
0.537636558200294 0.069631099700928
0.538040755941083 0.069589138031006
0.538444985832502 0.06953763961792
0.538849183573291 0.069445610046387
0.539253445615341 0.069392204284668
0.539657675506761 0.069344520568848
0.54006187324755 0.069277763366699
0.5404661352896 0.069209575653076
0.540870333030389 0.06917667388916
0.541274659373702 0.069115161895752
0.54167885711449 0.069025993347168
0.542083054855279 0.068988800048828
0.542487316897329 0.068943500518799
0.542891514638118 0.068858146667481
0.543295712378906 0.068803310394287
0.543699974420957 0.068740367889404
0.544104236463008 0.068671226501465
0.544508498505058 0.068614006042481
0.544912760547112 0.068501472473145
0.5453169582879 0.068447113037109
0.545721220329951 0.068408012390137
0.546125482372002 0.06833028793335
0.54652968011279 0.068278312683106
0.546934006456103 0.068174362182617
0.547338204196891 0.068113803863525
0.547742466238942 0.068078994750977
0.548146663979731 0.0679931640625
0.548550990323046 0.067938804626465
0.548955188063832 0.06785249710083
0.549359450105886 0.067812442779541
0.549763712147936 0.067739009857178
0.550167974189987 0.067739009857178
0.550572236232038 0.067610740661621
0.550976433972826 0.067552089691162
0.551380696014877 0.067481994628906
0.551784958056927 0.067402362823486
0.552189155797716 0.067366600036621
0.552593417839767 0.067265510559082
0.55299767988182 0.067239761352539
0.553401941923871 0.06715202331543
0.553806203965921 0.067101001739502
0.55421040170671 0.067057609558106
0.554614663748761 0.066981792449951
0.555018925790811 0.066900253295899
0.555423187832862 0.06683874130249
0.555827449874916 0.066761016845703
0.556231647615701 0.066696166992188
0.556635909657755 0.066652774810791
0.557040171699806 0.066600799560547
0.557444433741856 0.066520214080811
0.557848695783907 0.06644868850708
0.558252957825958 0.066385269165039
0.558657219868011 0.066312789916992
0.559061417608797 0.066226959228516
0.55946567965085 0.066175937652588
0.559869877391636 0.066143035888672
0.560274139433689 0.066051006317139
0.560678465777002 0.065998554229736
0.561082663517791 0.065944671630859
0.561486925559842 0.06583309173584
0.561891187601892 0.065791606903076
0.562295385342681 0.06575345993042
0.562699647384731 0.065646171569824
0.563103909426782 0.06558895111084
0.563508171468836 0.065529346466065
0.563912369209621 0.065457344055176
0.56431656695041 0.065398693084717
0.564720828992463 0.065286159515381
0.565125026733249 0.065266132354736
0.565529288775302 0.065162181854248
0.565933486516088 0.065137386322022
0.566337748558142 0.065035343170166
0.566741946298927 0.064975261688233
0.567146208340981 0.064880847930908
0.567550406081767 0.064831733703613
0.56795466812382 0.064769268035889
0.568358865864606 0.064712047576904
0.568763127906659 0.064650058746338
0.569167325647445 0.064540863037109
0.569571587689498 0.064487934112549
0.569975849731549 0.064417362213135
0.5703801117736 0.064347743988037
0.570784309514388 0.06430196762085
0.571188507255177 0.064241409301758
0.571592769297227 0.06418514251709
0.571996967038016 0.064115047454834
0.572401229080066 0.064005851745606
0.572805491122117 0.06394624710083
0.573209688862906 0.063883304595947
0.573613886603694 0.063836574554443
0.574018148645745 0.063759326934815
0.574422410687796 0.06370735168457
0.574826608428584 0.063669204711914
0.575230870470635 0.063561916351318
0.575635068211423 0.063530921936035
0.576039330253474 0.063486099243164
0.576443527994262 0.063408851623535
0.576847854337575 0.063368797302246
0.577252052078364 0.063286781311035
0.577656249819152 0.06322193145752
0.578060511861203 0.0632004737854
0.578464773903254 0.063149929046631
0.578868971644042 0.063114643096924
0.579273233686093 0.063060760498047
0.579677431426881 0.063017845153809
0.580081693468932 0.062971591949463
0.58048589120972 0.0628981590271
0.580890153251771 0.062870502471924
0.581294415293825 0.062835216522217
0.58169861303461 0.062816619873047
0.582102875076664 0.062788486480713
0.582507137118714 0.06270170211792
0.582911334859503 0.0626540184021
0.583315661202816 0.062661170959473
0.583719858943604 0.06257963180542
0.584124120985655 0.062545299530029
0.584528383027706 0.062503337860108
0.584932645069759 0.062488079071045
0.585336842810545 0.062448978424072
0.585741104852598 0.062423229217529
0.586145366894649 0.062398910522461
0.586549693237962 0.062385082244873
0.586953890978751 0.06234884262085
0.587358088719539 0.062327861785889
0.587762415062855 0.062301158905029
0.58816661280364 0.062289714813233
0.588570874845694 0.062225818634033
0.588975136887745 0.062209129333496
0.589379398929795 0.062220573425293
0.589783660971846 0.062193870544434
0.590187923013897 0.062180519104004
0.590592120754685 0.062169551849365
0.590996382796736 0.06213903427124
0.591400644838787 0.062133312225342
0.59180490688084 0.062100887298584
0.592209168922891 0.0621018409729
0.592613430964942 0.06206750869751
0.593017693006992 0.062078475952149
0.593421890747781 0.062048435211182
0.593826152789831 0.062041282653809
0.594230414831882 0.062057018280029
0.594634676873936 0.062018871307373
0.595038938915986 0.062014579772949
0.595443200958037 0.062040328979492
0.595847398698826 0.062029361724854
0.596251660740876 0.062017917633057
0.596655922782927 0.062008380889893
0.597060184824978 0.061989307403565
0.597464446867031 0.061989307403565
0.597868708909082 0.061968803405762
0.59827290664987 0.061962604522705
0.598677168691921 0.061954975128174
0.599081430733972 0.0619797706604
0.599485692776022 0.061960697174072
0.599889954818073 0.061967849731445
0.600294152558862 0.061915874481201
0.600698478902177 0.06196928024292
0.601102676642966 0.061955451965332
0.601506874383751 0.061923503875733
0.601911136425805 0.061935901641846
0.602315398467856 0.06189775466919
0.602719596208644 0.061898708343506
0.603123858250695 0.061930656433106
0.603528055991483 0.061920166015625
0.603932318033534 0.061902046203613
0.604336515774322 0.061919212341309
0.604740713515108 0.061941146850586
0.605144975557162 0.061934947967529
0.605549237599212 0.061891555786133
0.605953435340001 0.061898708343506
0.606357697382051 0.061892509460449
0.60676189512284 0.061886310577393
0.607166157164891 0.061896800994873
0.607570354905679 0.061888217926025
0.607974552646465 0.06189489364624
0.608378814688518 0.061936855316162
0.608783076730569 0.061896800994873
0.609187274471357 0.061875343322754
0.609591472212143 0.061906337738037
0.609995734254197 0.061902046203613
0.610399931994982 0.061894416809082
0.610804194037036 0.06189489364624
0.611208391777821 0.061921119689941
0.611612653819875 0.061907291412354
0.612016915861926 0.061891555786133
0.612421113602714 0.061924457550049
0.612825375644765 0.061912536621094
0.613229637686816 0.061930656433106
0.613633835427604 0.061917781829834
0.614038033168392 0.061946868896484
0.614442295210443 0.061935901641846
0.614846492951232 0.061921119689941
0.61525069069202 0.061893463134766
0.615654952734071 0.06189775466919
0.616059214776121 0.061911582946777
0.61646341251691 0.061916828155518
0.616867674558961 0.061936855316162
0.617271936601011 0.061952114105225
0.6176761343418 0.061946868896484
0.618080396383851 0.061956405639649
0.618484594124639 0.061974048614502
0.618888791865427 0.061951160430908
0.619293053907478 0.061992168426514
0.619697251648267 0.061955451965332
0.620101513690317 0.061975479125977
0.620505775732368 0.062009334564209
0.620910037774419 0.061960220336914
0.621314299816472 0.061985969543457
0.621718497557258 0.061977386474609
0.622122759599312 0.06198263168335
0.622527021641362 0.061977386474609
0.622931219382151 0.061960697174072
0.623335545725464 0.061974048614502
0.623739743466252 0.061998844146729
0.624144005508303 0.06198263168335
0.624548267550353 0.062018871307373
0.624952529592404 0.062012672424316
0.625356727333193 0.062000751495361
0.625760989375246 0.062003135681152
0.626165251417297 0.06199312210083
0.626569513459348 0.062008380889893
0.626973775501398 0.062014579772949
0.627378037543449 0.062006950378418
0.6277822995855 0.061992168426514
0.628186497326288 0.061984062194824
0.628590759368339 0.062009334564209
0.628995021410392 0.061991214752197
0.629399219151178 0.061978816986084
0.629803481193231 0.062010288238525
0.630207743235282 0.062026500701904
0.630612005277333 0.062012672424316
0.631016203018121 0.062013626098633
0.631420465060172 0.061995506286621
0.631824727102223 0.061995506286621
0.632228989144273 0.062047481536865
0.632633251186327 0.062044143676758
0.633037513228378 0.062035083770752
0.633441775270428 0.062068939208984
0.633845973011217 0.062049865722656
0.634250235053267 0.062055110931397
0.634654497095318 0.062001705169678
0.635058759137369 0.062036037445068
0.635462956878157 0.062034606933594
0.635867218920208 0.06203031539917
0.636271480962262 0.062036991119385
0.636675743004312 0.062043190002441
0.637080005046363 0.062038898468018
0.637484267088414 0.062050819396973
0.637888464829202 0.062033653259277
0.638292726871253 0.062036037445068
0.638696988913304 0.062051773071289
0.639101250955357 0.062066555023193
0.639505448696143 0.062036991119385
0.639909710738196 0.062029361724854
0.640313908478982 0.06205940246582
0.640718170521035 0.062077045440674
0.641122432563086 0.06205940246582
0.641526630303875 0.062064647674561
0.64193082804466 0.062072277069092
0.642335154387976 0.062042236328125
0.642739352128764 0.062036991119385
0.643143549869553 0.062074184417725
0.643547811911604 0.06205940246582
0.643952009652392 0.062084674835205
0.644356271694443 0.062068939208984
0.644760469435231 0.062063217163086
0.645164731477282 0.062084674835205
0.645568993519333 0.062073230743408
0.645973191260121 0.0621018409729
0.64637738900091 0.062074184417725
0.64678165104296 0.062119960784912
0.647185913085011 0.062077522277832
0.647590110825799 0.062108993530274
0.647994308566588 0.062095642089844
0.648398570608639 0.062092304229736
0.648802832650689 0.062073230743408
0.649207030391478 0.062066555023193
0.649611292433529 0.062083721160889
0.650015490174317 0.062086582183838
0.650419687915105 0.062077045440674
0.650823949957156 0.062119960784912
0.651228211999207 0.062103748321533
0.651632409739995 0.0621018409729
0.652036671782046 0.0621018409729
0.652440869522834 0.062105178833008
0.652845131564885 0.06209135055542
0.653249329305674 0.062103748321533
0.653653591347724 0.062095165252686
0.654057789088513 0.062073230743408
0.654462051130563 0.062077045440674
0.654866248871352 0.062079429626465
0.655270510913403 0.062081336975098
0.655674772955453 0.062108039855957
0.656078970696242 0.062108039855957
0.656483232738293 0.062073230743408
0.656887430479081 0.062083721160889
0.657291692521132 0.062076091766358
0.65769589026192 0.062100887298584
0.658100152303971 0.062072277069092
0.658504350044759 0.062077522277832
0.65890861208681 0.062065601348877
0.659312874128861 0.062077522277832
0.659717071869649 0.06210994720459
0.660121333911703 0.062092304229736
0.660525595953753 0.062058448791504
0.660929857995804 0.062088966369629
0.661334120037855 0.062088966369629
0.661738317778643 0.062094211578369
0.662142579820694 0.062048435211182
0.662546841862745 0.062108993530274
0.662951103904796 0.06206750869751
0.663355365946849 0.062103748321533
0.663759563687635 0.06209135055542
0.664163825729688 0.062111377716065
0.664568087771739 0.062108993530274
0.664972349813789 0.062087059020996
0.66537661185584 0.062064647674561
0.665780873897891 0.062107086181641
0.666185135939944 0.062078475952149
0.66658933368073 0.062079429626465
0.666993595722783 0.062089920043945
0.667397857764834 0.06209135055542
0.667802055505623 0.062085628509522
0.668206317547673 0.062088012695313
0.668610579589724 0.062069892883301
0.669014841631775 0.062108039855957
0.669419103673826 0.062093257904053
0.669823301414614 0.06209135055542
0.670227563456665 0.062079429626465
0.670631825498718 0.062097549438477
0.671036087540769 0.062085628509522
0.671440349582819 0.06209135055542
0.671844547323608 0.062076091766358
0.672248809365659 0.06206226348877
0.67265307140771 0.062068939208984
0.67305733344976 0.062057018280029
0.673461595491814 0.062073230743408
0.673865857533864 0.062069892883301
0.674270055274653 0.062071800231934
0.674674317316704 0.062045574188233
0.675078579358754 0.062064647674561
0.675482777099543 0.062030792236328
0.675887039141593 0.062081336975098
0.676291301183644 0.062029361724854
0.676695563225695 0.062035083770752
0.677099825267745 0.06201696395874
0.677504023008534 0.062037944793701
0.677908285050585 0.062015533447266
0.678312547092638 0.062050819396973
0.678716809134689 0.061986923217774
0.679121006875477 0.062044620513916
0.679525268917528 0.062028408050537
0.679929466658317 0.062025547027588
0.680333728700367 0.062046527862549
0.680737926441156 0.062015533447266
0.681142188483206 0.062022209167481
0.681546386223995 0.062015533447266
0.681950648266046 0.062042236328125
0.682354846006834 0.062012672424316
0.682759043747623 0.061999797821045
0.683163305789673 0.062020778656006
0.683567567831724 0.062022209167481
0.683971765572512 0.062021255493164
0.684376027614563 0.062014579772949
0.684780225355352 0.062050819396973
0.68518442309614 0.062017917633057
0.685588685138191 0.062043190002441
0.685992947180241 0.062014579772949
0.68639714492103 0.062022209167481
0.686801406963081 0.061999797821045
0.687205604703869 0.062021255493164
0.68760986674592 0.062001705169678
0.688014064486708 0.062006950378418
0.688418326528759 0.062008380889893
0.688822524269547 0.061991214752197
0.689226786311598 0.06197452545166
0.689630984052387 0.061986923217774
0.690035246094437 0.06197452545166
0.690439443835226 0.061976432800293
0.690843705877276 0.061961650848389
0.691247967919327 0.061951160430908
0.691652165660116 0.061977386474609
0.692056427702166 0.061951160430908
0.692460625442955 0.061912536621094
0.692864887485005 0.061959266662598
0.693269149527056 0.061946868896484
0.693673347267845 0.0619797706604
0.694077609309895 0.061942577362061
0.694481807050684 0.061946868896484
0.694886004791472 0.061939239501953
0.695290266833523 0.061882019042969
0.695694528875574 0.061911582946777
0.696098726616362 0.061907291412354
0.696502988658413 0.061921119689941
0.696907250700466 0.061903953552246
0.697311448441252 0.061925411224365
0.697715646182041 0.06189489364624
0.698119908224091 0.061891555786133
0.698524170266145 0.061855316162109
0.69892836800693 0.061882019042969
0.699332630048984 0.061830043792725
0.699736892091035 0.06185245513916
0.700141154133085 0.061874389648438
0.700545416175136 0.06186580657959
0.700949613915925 0.06186056137085
0.70135394025924 0.061834335327149
0.701758138000026 0.061837196350098
0.702162400042079 0.061854362487793
0.70256666208413 0.061861515045166
0.702970924126181 0.061844825744629
0.703375186168231 0.06185245513916
0.70377938390902 0.061835289001465
0.704183645951071 0.061825752258301
0.704587907993121 0.061811923980713
0.70499210573391 0.061849117279053
0.705396367775961 0.06181812286377
0.705800629818014 0.061802387237549
0.7062048275588 0.061810493469238
0.706609153902115 0.061802387237549
0.707013351642904 0.061800956726074
0.707417613684955 0.061810970306397
0.707821875727005 0.061810970306397
0.708226137769056 0.06179141998291
0.708630335509844 0.061779975891113
0.709034597551895 0.061793804168701
0.709438859593949 0.061763763427734
0.709843121635999 0.06177282333374
0.710247319376788 0.061737537384033
0.710651581418839 0.061740875244141
0.711055779159627 0.061758995056152
0.711460041201678 0.061749458312988
0.711864303243728 0.06174898147583
0.712268565285779 0.061762809753418
0.71267282732783 0.061737537384033
0.713077025068618 0.061724662780762
0.713481287110669 0.061721324920654
0.713885549152722 0.061665058135986
0.714289811194773 0.061690807342529
0.714694073236824 0.061687469482422
0.715098335278875 0.061694145202637
0.715502597320925 0.061665534973145
0.715906795061714 0.061675071716309
0.716311057103765 0.061651229858399
0.716715254844553 0.061659812927246
0.717119516886604 0.061657905578613
0.717523778928654 0.061690807342529
0.717928040970708 0.061637878417969
0.718332303012758 0.06162691116333
0.718736500753547 0.06162166595459
0.719140762795598 0.061637878417969
0.719545024837648 0.061639785766602
0.719949222578437 0.061582565307617
0.720353420319225 0.061608791351318
0.720757682361276 0.061607837677002
0.721161944403327 0.061604976654053
0.721566142144115 0.061590194702149
0.721970404186166 0.061614513397217
0.722374601926954 0.061586856842041
0.722778863969005 0.061565399169922
0.723183061709794 0.061585903167725
0.723587323751844 0.061535835266113
0.723991521492633 0.061525344848633
0.724395783534683 0.061539173126221
0.724799981275472 0.061538696289063
0.725204243317523 0.061506271362305
0.725608441058311 0.061485767364502
0.726012703100362 0.061519622802734
0.72641690084115 0.061484813690186
0.726821162883201 0.061472892761231
0.727225360623989 0.061477184295654
0.72762962266604 0.061478137969971
0.728033884708091 0.061444282531738
0.728438082448879 0.061437129974365
0.72884234449093 0.061459541320801
0.729246477930456 0.06145715713501
0.729650804273769 0.061412334442139
0.730054937713295 0.061439037322998
0.730459199755346 0.061416625976563
0.730863461797397 0.061422348022461
0.731267659538185 0.061439990997315
0.731671921580236 0.061371326446533
0.732076119321025 0.061393737792969
0.732480381363075 0.061360359191895
0.732884579103864 0.061353206634522
0.733288776844652 0.061349868774414
0.733693038886703 0.06134033203125
0.734097300928754 0.061326503753662
0.734501498669542 0.061313629150391
0.73490569641033 0.061315059661865
0.735309958452381 0.061323642730713
0.73571415619317 0.061296939849854
0.73611841823522 0.061288356781006
0.736522680277271 0.06129789352417
0.736926878018059 0.061276435852051
0.737331075758848 0.061272144317627
0.737735337800899 0.06125020980835
0.738139599842949 0.061296939849854
0.738543797583738 0.061235427856445
0.738948059625788 0.061225891113281
0.739352321667839 0.061214923858643
0.739756583709893 0.061226844787598
0.740160781450678 0.061202049255371
0.740565043492732 0.061199188232422
0.740969305534783 0.061193943023682
0.741373567576833 0.061192512512207
0.741777829618884 0.061144828796387
0.742182091660935 0.061183452606201
0.742586289401723 0.061136722564697
0.742990551443774 0.061127185821533
0.743394813485827 0.06113862991333
0.743799075527878 0.061121463775635
0.744203337569929 0.061116218566895
0.74460759961198 0.061094284057617
0.74501186165403 0.061084747314453
0.745416059394819 0.061074733734131
0.745820321436869 0.061100482940674
0.746224583478923 0.061056613922119
0.746628845520974 0.061057090759277
0.747033043261762 0.06106424331665
0.747437305303813 0.061038017272949
0.747841567345864 0.061017513275147
0.748245829387914 0.061007976531983
0.748650027128703 0.060993194580078
0.749054353472018 0.060973167419434
0.749458551212804 0.060995101928711
0.749862813254858 0.060985565185547
0.750267075296908 0.060970783233643
0.750671337338959 0.060982704162598
0.75107559938101 0.060941219329834
0.751479797121798 0.060935020446777
0.751884059163849 0.060911655426025
0.752288321205899 0.060925960540772
0.752692518946688 0.060918807983399
0.753096780988739 0.060924053192139
0.753501043030789 0.060918807983399
0.753905305072843 0.060878276824951
0.754309502813631 0.060897350311279
0.754713764855682 0.060871124267578
0.755118026897733 0.060864925384522
0.755522224638521 0.06086015701294
0.755926550981834 0.060830593109131
0.756330748722623 0.060796737670899
0.756735010764673 0.060805320739746
0.757139208505462 0.060789108276367
0.757543534848777 0.060776233673096
0.757947732589563 0.060761451721191
0.758351994631617 0.060739517211914
0.758756256673667 0.060726642608643
0.759160454414456 0.06072473526001
0.759564716456507 0.060710430145264
0.759968978498557 0.060704231262207
0.760373176239346 0.060703277587891
0.760777438281396 0.060659885406494
0.761181636022185 0.060664176940918
0.761585898064236 0.060676574707031
0.761990160106286 0.060647010803223
0.762394357847075 0.060630798339844
0.762798619889125 0.060601234436035
0.763202881931176 0.060605525970459
0.763607079671965 0.060580253601074
0.764011341714015 0.060591697692871
0.764415539454804 0.060577869415283
0.764819801496854 0.06056547164917
0.765223999237643 0.060537815093994
0.765628261279694 0.060511112213135
0.766032459020482 0.060510158538818
0.766436721062533 0.060506820678711
0.766840983104586 0.060492992401123
0.767245180845372 0.060503482818604
0.767649442887425 0.060462474822998
0.768053640628214 0.060447216033936
0.768457838369 0.060441970825195
0.768862100411053 0.060433387756348
0.769266298151839 0.060408115386963
0.769670560193892 0.06041145324707
0.770074822235943 0.060376167297363
0.770479019976732 0.060365676879883
0.770883282018782 0.060358047485352
0.771287544060833 0.060320854187012
0.771691741801621 0.060338020324707
0.772096003843672 0.060303211212158
0.77250020158446 0.060261726379395
0.772904463626511 0.060262680053711
0.7733086613673 0.060286045074463
0.77371292340935 0.060268878936768
0.774117185451401 0.060223579406738
0.77452138319219 0.060189247131348
0.77492564523424 0.060188293457031
0.775329842975029 0.060158729553223
0.775734040715817 0.060151100158691
0.776138302757868 0.060157299041748
0.776542500498656 0.060119152069092
0.776946762540707 0.060093879699707
0.777351024582758 0.060088634490967
0.777755286624809 0.060044765472412
0.778159484365597 0.060067176818848
0.778563746407648 0.060032367706299
0.778967944148436 0.060009002685547
0.779372206190487 0.059994220733643
0.779776403931275 0.059965133666992
0.780180665973326 0.059948444366455
0.780584863714114 0.059948444366455
0.780989125756165 0.059952259063721
0.781393387798219 0.059932231903076
0.781797585539005 0.059908866882324
0.782201847581058 0.059882640838623
0.782606109623109 0.05985689163208
0.783010307363897 0.059853553771973
0.783414569405948 0.059848308563233
0.783818767146736 0.059796333312988
0.784223029188787 0.059816360473633
0.784627291230838 0.059765815734863
0.785031488971626 0.059767723083496
0.785435686712414 0.059728622436524
0.785839948754465 0.059698581695557
0.786244210796516 0.059709072113037
0.786648408537304 0.059676170349121
0.787052670579355 0.059677600860596
0.787456932621406 0.059703826904297
0.787861130362194 0.059604167938233
0.788265328102983 0.05961799621582
0.788669590145033 0.059608459472656
0.789073852187084 0.05956506729126
0.789478049927873 0.059566974639893
0.789882311969923 0.059531211853027
0.790286509710712 0.059543609619141
0.790690771752762 0.059525489807129
0.791095033794813 0.059494972229004
0.791499231535602 0.059498310089111
0.791903493577652 0.059484481811524
0.792307691318441 0.059444904327393
0.792711953360491 0.059460639953613
0.79311615110128 0.059407711029053
0.793520413143331 0.059420585632324
0.793924675185384 0.059379100799561
0.79432887292617 0.059362411499024
0.794733134968223 0.059341907501221
0.795137397010274 0.059337615966797
0.795541594751063 0.05932092666626
0.795945856793113 0.059282779693604
0.796350054533902 0.059299468994141
0.796754316575952 0.059255123138428
0.797158514316741 0.059221744537354
0.797562776358792 0.05921745300293
0.797967038400842 0.059179306030274
0.798371236141631 0.059167861938477
0.798775498183682 0.05916166305542
0.79917969592447 0.059128284454346
0.799583957966521 0.059103965759277
0.799988220008571 0.059058666229248
0.800392482050622 0.05905294418335
0.80079667979141 0.05904483795166
0.801200941833461 0.058979034423828
0.80160513957425 0.058993816375733
0.802009401616301 0.058993816375733
0.802413663658354 0.058974266052246
0.802817861399142 0.058962821960449
0.803222059139928 0.05888032913208
0.803626321181982 0.058931827545166
0.804030583224032 0.058904647827149
0.804434780964821 0.058876991271973
0.804839043006871 0.058856964111328
0.805243305048922 0.058804512023926
0.80564750278971 0.058811187744141
0.806051764831761 0.058793067932129
0.80645596257255 0.05877161026001
0.806860224614601 0.058757781982422
0.807264486656651 0.058753490447998
0.80766868439744 0.058683395385742
0.80807294643949 0.0586838722229
0.808477208481541 0.058667659759522
0.808881406222329 0.058648586273193
0.80928566826438 0.058608055114746
0.809689866005169 0.058619976043701
0.810094128047219 0.05857515335083
0.810498390089273 0.058557510375977
0.810902587830059 0.058549880981445
0.811306849872112 0.058517932891846
0.811711111914163 0.058491230010986
0.812115309654951 0.05847978591919
0.812519571697002 0.058473587036133
0.81292376943779 0.058439254760742
0.813328031479841 0.058464050292969
0.813732293521892 0.058425426483154
0.81413649126268 0.058365821838379
0.814540753304731 0.05836296081543
0.814944951045519 0.058352470397949
0.81534921308757 0.058330059051514
0.815753475129621 0.058281421661377
0.816157672870409 0.058248043060303
0.81656193491246 0.058213233947754
0.816966196954511 0.058201789855957
0.817370394695299 0.058193206787109
0.81777465673735 0.058197498321533
0.818178918779403 0.058130264282227
0.818583116520189 0.058110237121582
0.818987378562242 0.058079242706299
0.819391576303028 0.058056831359863
0.819795838345082 0.058059215545654
0.820200100387132 0.058031558990479
0.820604298127921 0.058003902435303
0.821008560169972 0.057971954345703
0.82141275791076 0.057957172393799
0.821817019952811 0.057910442352295
0.822221217693599 0.05789041519165
0.82262547973565 0.057860851287842
0.823029741777701 0.057876586914063
0.823433939518489 0.057821273803711
0.82383820156054 0.057816028594971
0.824242463602591 0.057775974273682
0.824646661343379 0.057754516601563
0.82505092338543 0.05776834487915
0.825455121126218 0.05772066116333
0.825859383168269 0.05767822265625
0.826263580909057 0.057684421539307
0.826667842951108 0.057663440704346
0.827072040691897 0.057602882385254
0.827476302733947 0.057590961456299
0.827880500474736 0.057547569274902
0.828284762516786 0.057520866394043
0.828688960257575 0.05748987197876
0.829093222299626 0.057466983795166
0.829497484341676 0.057427406311035
0.82990174638373 0.057413578033447
0.830305944124516 0.057358264923096
0.830710141865304 0.057365894317627
0.83111446820862 0.057340621948242
0.831518665949408 0.057321071624756
0.831922927991459 0.057297706604004
0.832327125732247 0.057261943817139
0.832731387774298 0.057247161865234
0.833135585515086 0.057228088378906
0.833539847557137 0.057206630706787
0.833944109599188 0.057172298431397
0.834348307339976 0.057107925415039
0.834752569382027 0.057120800018311
0.835156831424078 0.05711841583252
0.835561029164866 0.057058811187744
0.835965291206917 0.05704402923584
0.836369488947705 0.057030200958252
0.836773750989756 0.056984424591065
0.837178013031807 0.056965351104736
0.837582210772595 0.056904792785645
0.837986472814646 0.056898593902588
0.838390670555434 0.056878566741943
0.838794868296223 0.056838035583496
0.839199130338274 0.05683708190918
0.839603392380324 0.056785106658936
0.840007590121113 0.056755065917969
0.840411852163163 0.056732177734375
0.840816049903952 0.056713581085205
0.841220311946003 0.056639671325684
0.841624509686791 0.056676864624024
0.842028771728842 0.056639671325684
0.842433033770895 0.05659818649292
0.842837231511681 0.056591987609863
0.843241493553734 0.056535243988037
0.84364569129452 0.056509971618652
0.844049953336574 0.056488513946533
0.844454151077362 0.056477069854736
0.844858413119413 0.056419849395752
0.845262675161464 0.056410312652588
0.845666872902252 0.05639123916626
0.846071134944303 0.056373119354248
0.846475332685091 0.056335926055908
0.846879594727142 0.056273460388184
0.847283856769193 0.056281566619873
0.847688054509981 0.056224346160889
0.848092316552032 0.056201934814453
0.848496578594082 0.056171417236328
0.848900776334871 0.056148052215576
0.849305038376922 0.05612325668335
0.84970923611771 0.056084156036377
0.850113498159761 0.056055545806885
0.850517760201812 0.056021690368652
0.8509219579426 0.055976867675781
0.851326219984653 0.055948257446289
0.851730482026704 0.055935382843018
0.852134679767492 0.055904865264893
0.852538941809543 0.055865287780762
0.852943139550332 0.055808067321777
0.853347401592382 0.055774211883545
0.853751663634433 0.055755138397217
0.854155861375222 0.055706977844238
0.854560123417272 0.055699825286865
0.854964385459323 0.055665016174316
0.855368583200112 0.0556321144104
0.855772845242162 0.055580615997315
0.856177042982951 0.055553436279297
0.856581305025001 0.055534362792969
0.85698550276579 0.055501461029053
0.857389764807841 0.055472373962402
0.857794026849891 0.055463790893555
0.85819822459068 0.055427074432373
0.85860248663273 0.055389881134033
0.859006684373519 0.05535888671875
0.85941094641557 0.055313110351563
0.859815208457623 0.055291175842285
0.860219470499674 0.055258274078369
0.860623668240462 0.055220603942871
0.861027930282513 0.055202007293701
0.861432128023301 0.055159568786621
0.861836390065352 0.055135726928711
0.862240587806141 0.055103302001953
0.862644849848191 0.055051803588867
0.863049111890242 0.055009841918945
0.863453309631031 0.055041313171387
0.863857571673081 0.054935455322266
0.86426176941387 0.054932117462158
0.86466603145592 0.05490255355835
0.865070293497971 0.054841995239258
0.865474491238759 0.054821491241455
0.86587875328081 0.054790019989014
0.866283015322861 0.054766178131104
0.866687213063649 0.054728031158447
0.8670914751057 0.054689884185791
0.867495672846489 0.05467414855957
0.867899934888539 0.054623126983643
0.868304196930593 0.054582595825195
0.868708394671378 0.05455493927002
0.869112592412167 0.05450439453125
0.869516854454218 0.054464817047119
0.869921116496271 0.054438591003418
0.870325314237057 0.054433822631836
0.87072957627911 0.054359912872315
0.871133838321161 0.054324626922608
0.87153803606195 0.054288387298584
0.871942298104 0.054251194000244
0.872346560146051 0.054221630096436
0.872750757886839 0.054165363311768
0.87315501992889 0.054126262664795
0.873559217669679 0.054091930389404
0.873963479711729 0.054078578948975
0.874367677452518 0.054015636444092
0.874771939494568 0.053951740264893
0.875176137235357 0.053936004638672
0.875580334976145 0.053900718688965
0.875984597018196 0.053853511810303
0.876388859060247 0.05378532409668
0.876793056801035 0.053759574890137
0.877197318843086 0.053725719451904
0.877601516583874 0.053670406341553
0.878005778625925 0.053629398345947
0.878410040667976 0.0535569190979
0.878814174107502 0.053550720214844
0.879218436149553 0.053493499755859
0.879622698191603 0.053451061248779
0.880026960233654 0.053399562835693
0.880431157974443 0.053398609161377
0.880835420016493 0.053324699401856
0.881239682058544 0.053279876708984
0.88164381549807 0.053246974945068
0.882048077540121 0.053211688995361
0.882452339582172 0.053187370300293
0.88285653732296 0.053154468536377
0.883260799365011 0.05310583114624
0.883664997105799 0.053044319152832
0.88406925914785 0.053013324737549
0.884473521189901 0.052981376647949
0.884877718930689 0.052908420562744
0.88528198097274 0.052883625030518
0.885686178713528 0.052835941314697
0.886090440755582 0.052794456481934
0.886494638496367 0.052734851837158
0.886898900538421 0.05266284942627
0.887303098279207 0.052669048309326
0.88770736032126 0.05258321762085
0.888111558062046 0.052529335021973
0.888515820104099 0.05250358581543
0.88892008214615 0.052455902099609
0.889324279886939 0.052430629730225
0.889728541928989 0.05238151550293
0.890132739669778 0.052311420440674
0.890537001711828 0.052247524261475
0.890941263753879 0.052233695983887
0.891345461494668 0.052197933197022
0.891749723536718 0.052161693572998
0.892153985578769 0.052102088928223
0.892558183319557 0.052041530609131
0.892962445361608 0.051966190338135
0.893366643102397 0.051937580108643
0.893770905144447 0.051882266998291
0.894175167186498 0.051842212677002
0.894579364927287 0.05178165435791
0.894983626969337 0.05173921585083
0.895387889011391 0.051716804504395
0.895792086752176 0.051624298095703
0.89619634879423 0.051599025726318
0.896600610836281 0.051543712615967
0.897004808577069 0.05147123336792
0.89740907061912 0.051433086395264
0.89781333266117 0.051427841186524
0.898217530401959 0.051363945007324
0.898621792444009 0.051300525665283
0.899025990184798 0.051252841949463
0.899430252226849 0.051214694976807
0.899834514268899 0.0511474609375
0.900238712009688 0.051108360290527
0.900642974051739 0.051033973693848
0.901047171792527 0.050980091094971
0.901451433834578 0.050944805145264
0.901855695876628 0.050867080688477
0.902259893617417 0.050843715667725
0.902664155659468 0.050776958465576
0.903068417701521 0.050716400146484
0.903472615442307 0.050688743591309
0.90387687748436 0.050652503967285
0.904281139526411 0.050575256347656
0.9046853372672 0.050504207611084
0.90508959930925 0.050455093383789
0.905493797050039 0.050382137298584
0.905898059092089 0.050352573394775
0.90630232113414 0.050295829772949
0.906706583176191 0.050248146057129
0.907110780916979 0.050172805786133
0.90751504295903 0.050106048583984
0.907919240699819 0.050045490264893
0.908323502741869 0.050014495849609
0.908727700482658 0.049943447113037
0.909131962524708 0.049891471862793
0.909536224566759 0.049829959869385
0.909940422307547 0.049769401550293
0.910344684349598 0.049710750579834
0.910748946391652 0.049661159515381
0.911153208433702 0.049570560455322
0.911557406174491 0.049550533294678
0.911961668216541 0.049459457397461
0.91236586595733 0.049393177032471
0.912770127999381 0.049383640289307
0.913174325740169 0.049306392669678
0.91357858778222 0.049219131469727
0.913982849824271 0.049156665802002
0.914387047565059 0.049130916595459
0.91479130960711 0.049065589904785
0.91519557164916 0.048989772796631
0.915599769389949 0.048929214477539
0.916004031432 0.048853874206543
0.916408229172788 0.048793315887451
0.916812491214839 0.048717021942139
0.91721675325689 0.048688411712647
0.917621015298943 0.048611640930176
0.918025213039729 0.048529148101807
0.918429410780517 0.048483371734619
0.918833737123833 0.048400402069092
0.919237934864622 0.048343181610108
0.919642196906672 0.048283576965332
0.92004639464746 0.048195838928223
0.920450656689511 0.048133850097656
0.920854918731562 0.048065185546875
0.92125911647235 0.048002243041992
0.921663378514401 0.047929286956787
0.922067640556452 0.047854900360108
0.92247183829724 0.047790050506592
0.922876100339291 0.047704219818115
0.923280362381342 0.047659397125244
0.92368456012213 0.047541618347168
0.924088822164181 0.047513008117676
0.924493084206234 0.047428131103516
0.92489728194702 0.047366142272949
0.925301543989074 0.047293186187744
0.925705806031124 0.047238826751709
0.926110003771913 0.047126293182373
0.926514265813963 0.047035217285156
0.926918527856014 0.046973705291748
0.927322789898065 0.046916007995606
0.927726987638853 0.046815395355225
0.928131249680904 0.046751499176025
0.928535447421692 0.046672821044922
0.928939709463743 0.046596527099609
0.929343907204532 0.046557426452637
0.929748169246582 0.046428680419922
0.930152431288633 0.046365261077881
0.930556629029422 0.046285629272461
0.930960891071472 0.046195030212402
0.931365153113526 0.046131610870361
0.931769350854311 0.046028137207031
0.932173612896365 0.045970916748047
0.932577874938416 0.045875549316406
0.932982072679204 0.045771598815918
0.933386334721255 0.045734405517578
0.933790532462043 0.04560136795044
0.934194794504094 0.045534610748291
0.934599056546145 0.045458316802979
0.935003254286933 0.045380592346191
0.935407516328984 0.045261859893799
0.935811778371034 0.045212745666504
0.936215976111823 0.045116424560547
0.936620238153874 0.045029163360596
0.937024435894662 0.044962406158447
0.937428697936713 0.044856071472168
0.937832959978763 0.044742584228516
0.938237157719552 0.044664859771729
0.938641419761603 0.044578075408936
0.939045617502391 0.044452667236328
0.939449879544442 0.044378280639649
0.93985407728523 0.044289112091065
0.940258339327281 0.044127464294434
0.940662601369334 0.044120311737061
0.94106679911012 0.04400634765625
0.941471061152174 0.043917655944824
0.941875323194224 0.043827056884766
0.942279520935013 0.043723106384277
0.942683782977064 0.043594837188721
0.943087980717852 0.043488502502441
0.943492242759903 0.043370723724365
0.943896504801953 0.043287754058838
0.944300702542742 0.043190956115723
0.944704964584793 0.043036937713623
0.945109226626843 0.042993545532227
0.945513424367632 0.042868137359619
0.945917686409683 0.042701721191406
0.946321884150471 0.042603015899658
0.946726146192522 0.042511463165283
0.947130408234572 0.042393684387207
0.947534605975361 0.042292594909668
0.947938868017411 0.04219388961792
0.9483430657582 0.042070865631104
0.948747327800251 0.04195499420166
0.949151525541039 0.041844844818115
0.94955578758309 0.04171085357666
0.949960049625143 0.041606903076172
0.950364247365929 0.041499614715576
0.950768509407983 0.041396617889404
0.951172771450033 0.041247844696045
0.951576969190822 0.041099548339844
0.951981166931607 0.041019439697266
0.952385428973661 0.040862560272217
0.952789691015712 0.04077672958374
0.9531938887565 0.040640354156494
0.953598150798551 0.040529251098633
0.954002412840601 0.040397644042969
0.95440661058139 0.040281772613525
0.954810872623441 0.040144443511963
0.955215134665492 0.040038585662842
0.95561933240628 0.039887428283691
0.95602359444833 0.039752006530762
0.956427856490381 0.039606094360352
0.95683205423117 0.03948974609375
0.95723631627322 0.039367198944092
0.957640514014009 0.039235591888428
0.95804477605606 0.039061546325684
0.958449038098113 0.038928985595703
0.958853235838899 0.038795948028565
0.959257497880952 0.038661003112793
0.959661759923003 0.038483142852783
0.960066021965054 0.038350105285645
0.960470219705842 0.038198471069336
0.960874481747893 0.038080215454102
0.961278679488681 0.037895679473877
0.961682941530732 0.037744998931885
0.962087203572783 0.037601470947266
0.962491401313571 0.037444591522217
0.962895663355622 0.037279605865479
0.96329986109641 0.03711748123169
0.963704123138461 0.036942958831787
0.964108385180512 0.036765575408936
0.964512647222565 0.036624431610108
0.964916844963351 0.036458015441895
0.965321107005404 0.036302089691162
0.96572530474619 0.036114692687988
0.966129566788243 0.035972595214844
0.966533828830294 0.035801887512207
0.966938026571083 0.035617828369141
0.967342288613133 0.035473346710205
0.967746550655184 0.035254955291748
0.968150812697235 0.035080909729004
0.968555010438023 0.034902095794678
0.968959272480074 0.034668922424316
0.969363470220863 0.034508228302002
0.969767732262913 0.034347057342529
0.970171994304964 0.034157752990723
0.970576192045752 0.033917903900147
0.970980454087803 0.033749103546143
0.971384716129857 0.033531665802002
0.971788913870642 0.033338069915772
0.972193175912696 0.033134460449219
0.972597437954746 0.032943248748779
0.973001635695535 0.032741546630859
0.973405897737586 0.03251314163208
0.973810159779636 0.032301902770996
0.974214357520425 0.032071590423584
0.974618619562476 0.031854629516602
0.975022881604526 0.031638145446777
0.975427079345315 0.031412124633789
0.975831341387365 0.031161308288574
0.976235603429416 0.030940532684326
0.976639801170204 0.030717372894287
0.977044063212255 0.03051233291626
0.977448260953044 0.030219554901123
0.977852522995094 0.030012607574463
0.978256785037148 0.029804229736328
0.978661047079199 0.029529571533203
0.979065244819987 0.029295921325684
0.979469506862038 0.029019832611084
0.979873704602826 0.028800964355469
0.980277966644877 0.028510093688965
0.980682228686928 0.028226375579834
0.981086490728978 0.027958869934082
0.981490688469767 0.027709484100342
0.981894950511818 0.027430057525635
0.982299212553868 0.027143478393555
0.982703410294657 0.026876926422119
0.983107672336707 0.026533603668213
0.983511870077496 0.026329040527344
0.983916132119547 0.025976181030274
0.9843203941616 0.025681018829346
0.984724656203651 0.025411605834961
0.985128853944439 0.025071620941162
0.98553311598649 0.024777412414551
0.985937378028541 0.024497985839844
0.986341575769329 0.024169921875
0.98674583781138 0.023827075958252
0.987150099853431 0.02351188659668
0.987554297594219 0.023138999938965
0.98795855963627 0.022802352905274
0.988362757377058 0.022486209869385
0.988767019419109 0.022109031677246
0.989171281461159 0.021778583526611
0.989575543503213 0.021395683288574
0.989979741243999 0.021044254302979
0.990384003286052 0.020685195922852
0.990788265328103 0.020278453826904
0.991192463068891 0.01990270614624
0.991596725110942 0.019541263580322
0.992000922851731 0.01914644241333
0.992405184893781 0.018739700317383
0.992809446935832 0.018323421478272
0.993213708977883 0.0179123878479
0.993617906718671 0.017499446868897
0.994022168760722 0.017088890075684
0.99442636650151 0.016654014587402
0.994830628543561 0.016239166259766
0.995234826284349 0.015769958496094
0.995639152627665 0.015347957611084
0.996043350368451 0.014867305755615
0.996447612410504 0.014407634735108
0.996851874452555 0.01395845413208
0.997256072193344 0.013453006744385
0.997660334235394 0.012983322143555
0.998064596277445 0.012473583221436
0.998468794018233 0.01199197769165
0.998873056060284 0.011480808258057
0.999277253801072 0.010940551757813
0.999681515843123 0.010448932647705
1 0.009998321533203
