0.0 7.961816959337753e-14
0.001 1.2726228366911985e-13
0.002 1.9151575068789574e-13
0.003 2.720886646502172e-13
0.004 3.6593291389964276e-13
0.005 4.671555111363583e-13
0.006 5.676417926370124e-13
0.007 6.583002772969464e-13
0.008 7.306247964346755e-13
0.009 7.781608491017731e-13
0.01 7.975039655041774e-13
0.011 7.886217240105621e-13
0.012 7.545029419648822e-13
0.013 7.003148897919653e-13
0.014 6.323389152533982e-13
0.015 5.569477989084952e-13
0.016 4.798118965948444e-13
0.017 4.0541832490039057e-13
0.018 3.3689571462034776e-13
0.019 2.7607765196289457e-13
0.02 2.2371472892676545e-13
0.021 1.7975019433314784e-13
0.022 1.4359506993448335e-13
0.023 1.1436390240518758e-13
0.024 9.105453572280366e-14
0.025 7.267102554560752e-14
0.026 5.82977758426786e-14
0.027 4.713563238698243e-14
0.028 3.847108725274424e-14
0.029 3.168997659115089e-14
0.03 2.6336638236448142e-14
0.031 2.2074879720192677e-14
0.032 1.8654540987982308e-14
0.033 1.5887941365537577e-14
0.034 1.363314818096971e-14
0.035 1.1781993357713008e-14
0.036 1.0251421951354452e-14
0.037 8.977197692172444e-15
0.038 7.909288883499518e-15
0.039 7.008461353527776e-15
0.04 6.2437448730077585e-15
0.041 5.590536180619541e-15
0.042 5.029169225851592e-15
0.043 4.5438306390464165e-15
0.044 4.12173197408433e-15
0.045 3.752474158858871e-15
0.046 3.4275567202797634e-15
0.047 3.139996715300241e-15
0.048 2.8840312797572685e-15
0.049 2.6548842686447913e-15
0.05 2.448582284303493e-15
0.051 2.2618089538981046e-15
0.052 2.0917889671093444e-15
0.053 1.9361953647991334e-15
0.054 1.793105915446349e-15
0.055 1.661235321234884e-15
0.056 1.5396565669945106e-15
0.057 1.4275260002526868e-15
0.058 1.3240721127049317e-15
0.059 1.2285891363124406e-15
0.06 1.1404312271994584e-15
0.061 1.0590071817308907e-15
0.062 9.837756345628328e-16
0.063 9.142406933300954e-16
0.064 8.499479690208765e-16
0.065 7.904809650399798e-16
0.066 7.354577915211525e-16
0.067 6.845281746570847e-16
0.068 6.37370733707817e-16
0.069 5.936905009558579e-16
0.07 5.532166622288826e-16
0.071 5.157004977333403e-16
0.072 4.809135048581659e-16
0.073 4.486456863371994e-16
0.074 4.187039887211541e-16
0.075 3.909108775207813e-16
0.076 3.6510303665815022e-16
0.077 3.411301810153756e-16
0.078 3.188539719122277e-16
0.079 2.98147026286537e-16
0.08 2.7889201120394853e-16
0.081 2.6098081609515706e-16
0.082 2.4431379581724794e-16
0.083 2.2879907826818847e-16
0.084 2.1435193085633513e-16
0.085 2.0089418064583654e-16
0.086 1.883536834691102e-16
0.087 1.7666383772395171e-16
0.088 1.6576313895947993e-16
0.089 1.5559477170576245e-16
0.09 1.4610623532020454e-16
0.091 1.3724900091251364e-16
0.092 1.2897819667220534e-16
0.093 1.2125231916070125e-16
0.094 1.1403296834628577e-16
0.095 1.0728460435665478e-16
0.096 1.0097432410238419e-16
0.097 9.507165608697444e-17
0.098 8.95483718667275e-17
0.099 8.437831275804741e-17
0.1 7.953723051190274e-17
0.101 7.500264078641368e-17
0.102 7.075368834976993e-17
0.103 6.677102303786941e-17
0.104 6.303668557507324e-17
0.105 5.953400244297433e-17
0.106 5.624748905183624e-17
0.107 5.316276053293668e-17
0.108 5.026644952804047e-17
0.109 4.7546130405108435e-17
0.11 4.4990249377623483e-17
0.111 4.258806004895187e-17
0.112 4.0329563943373177e-17
0.113 3.820545562213266e-17
0.114 3.6207072016420196e-17
0.115 3.432634563980866e-17
0.116 3.2555761370720714e-17
0.117 3.088831652107522e-17
0.118 2.9317483930697445e-17
0.119 2.783717784848563e-17
0.12 2.644172238092768e-17
0.121 2.5125799183280397e-17
0.122 2.3884360224524907e-17
0.123 2.2712686420467973e-17
0.124 2.1606386492670792e-17
0.125 2.0561372367809383e-17
0.126 1.9573836551225766e-17
0.127 1.8640231306588303e-17
0.128 1.7757249488679097e-17
0.129 1.692180688998089e-17
0.13 1.613102597412704e-17
0.131 1.5382220880506017e-17
0.132 1.4672883594497438e-17
0.133 1.4000671187062377e-17
0.134 1.3363394035808616e-17
0.135 1.2759004947270741e-17
0.136 1.2185589107084871e-17
0.137 1.1641354791030713e-17
0.138 1.11246247756547e-17
0.139 1.0633828392399601e-17
0.14 1.0167494173920392e-17
0.141 9.724243045591509e-18
0.142 9.302782019155209e-18
0.143 8.901898349056662e-18
0.144 8.520454115291203e-18
0.145 8.157381199580228e-18
0.146 7.811676624427961e-18
0.147 7.482398227103271e-18
0.148 7.168660642873787e-18
0.149 6.869631573901467e-18
0.15 6.584528322116772e-18
0.151 6.3126145661317e-18
0.152 6.053197363848281e-18
0.153 5.805624363880201e-18
0.154 5.569281210244581e-18
0.155 5.343589126008023e-18
0.156 5.128002662694598e-18
0.157 4.9220076032966015e-18
0.158 4.725119007674015e-18
0.159 4.536879389999107e-18
0.16 4.356857018698128e-18
0.161 4.18464433007717e-18
0.162 4.019856447491316e-18
0.163 3.8621297985360895e-18
0.164 3.711120823309138e-18
0.165 3.566504767314517e-18
0.166 3.4279745530640537e-18
0.167 3.295239724874041e-18
0.168 3.1680254617646984e-18
0.169 3.046071653746832e-18
0.17 2.9291320371273925e-18
0.171 2.816973384785816e-18
0.172 2.7093747476689676e-18
0.173 2.6061267440248932e-18
0.174 2.507030893147508e-18
0.175 2.4118989906367352e-18
0.176 2.3205525223935928e-18
0.177 2.2328221147680942e-18
0.178 2.1485470184613088e-18
0.179 2.0675746239528194e-18
0.18 1.9897600063814798e-18
0.181 1.9149654979534734e-18
0.182 1.8430602860849653e-18
0.183 1.7739200356123703e-18
0.184 1.7074265335183149e-18
0.185 1.6434673547277713e-18
0.186 1.5819355476289424e-18
0.187 1.5227294896488205e-18
0.188 1.4657611890304821e-18
0.189 1.4109590222950254e-18
0.19 1.3582536786491891e-18
0.191 1.3075769850605943e-18
0.192 1.2588619810648605e-18
0.193 1.2120429840585488e-18
0.194 1.1670556456456247e-18
0.195 1.123836999593984e-18
0.196 1.0823255019448467e-18
0.197 1.042461063803817e-18
0.198 1.0041850773253664e-18
0.199 9.6744043538641e-19
0.2 9.32171545425787e-19
0.201 8.983243379081767e-19
0.202 8.65846269851809e-19
0.203 8.346863238397187e-19
0.204 8.047950029145681e-19
0.205 7.761243217375325e-19
0.206 7.486277943719463e-19
0.207 7.222604190328883e-19
0.208 6.969786601248852e-19
0.209 6.7274042787084735e-19
0.21 6.495050558169982e-19
0.211 6.272332764806654e-19
0.212 6.058871953903896e-19
0.213 5.854302637508122e-19
0.214 5.658272499488088e-19
0.215 5.470442101015025e-19
0.216 5.290484578320914e-19
0.217 5.118085334449373e-19
0.218 4.952941726578385e-19
0.219 4.794762750365335e-19
0.22 4.643268722642014e-19
0.221 4.498190963670645e-19
0.222 4.359271480063966e-19
0.223 4.2262626493702212e-19
0.224 4.098926907224929e-19
0.225 3.9770364378854946e-19
0.226 3.8603728688766154e-19
0.227 3.7487269703996097e-19
0.228 3.6418983600846334e-19
0.229 3.539695213598325e-19
0.23 3.441933981558326e-19
0.231 3.348439113148827e-19
0.232 3.2590427867804976e-19
0.233 3.1735846480905805e-19
0.234 3.091911555536748e-19
0.235 3.0138773338002033e-19
0.236 2.9393425351792884e-19
0.237 2.8681742091246093e-19
0.238 2.800245680040254e-19
0.239 2.7354363334531273e-19
0.24 2.6736314106322777e-19
0.241 2.6147218117243576e-19
0.242 2.5586039074585825e-19
0.243 2.5051793594635987e-19
0.244 2.454354949232529e-19
0.245 2.4060424157677007e-19
0.246 2.360158301935223e-19
0.247 2.3166238095609196e-19
0.248 2.275364663302696e-19
0.249 2.2363109833415916e-19
0.25 2.1993971669424865e-19
0.251 2.1645617789476255e-19
0.252 2.131747451280516e-19
0.253 2.1009007915558555e-19
0.254 2.0719708707922513e-19
0.255 2.0448942474976611e-19
0.256 2.0196016555401694e-19
0.257 1.9960285673921102e-19
0.258 1.9741150973362856e-19
0.259 1.9538057451494594e-19
0.26 1.9350491599634074e-19
0.261 1.9177979228763955e-19
0.262 1.902008347011041e-19
0.263 1.8876402938267978e-19
0.264 1.8746570045982802e-19
0.265 1.8630249460657824e-19
0.266 1.8527136693510726e-19
0.267 1.8436956813120797e-19
0.268 1.83594632758387e-19
0.269 1.829443686621361e-19
0.27 1.8241684741231456e-19
0.271 1.8201039572731917e-19
0.272 1.8172358782923963e-19
0.273 1.8155523868418705e-19
0.274 1.8150439808672502e-19
0.275 1.8157034555169234e-19
0.276 1.8175258598086868e-19
0.277 1.8205084607574688e-19
0.278 1.8246507147139764e-19
0.279 1.829954245697832e-19
0.28 1.8364228305420315e-19
0.281 1.844062390696634e-19
0.282 1.8528809905693362e-19
0.283 1.8628888423092073e-19
0.284 1.8740983169680134e-19
0.285 1.8865239619998235e-19
0.286 1.900182525085987e-19
0.287 1.915092984298689e-19
0.288 1.9312765846406342e-19
0.289 1.9487568810243928e-19
0.29 1.9675597877788543e-19
0.291 1.9877136347962413e-19
0.292 2.0092492304568871e-19
0.293 2.0321999314950495e-19
0.294 2.0566017199943273e-19
0.295 2.0824932877274342e-19
0.296 2.1099161280813537e-19
0.297 2.1389146358367415e-19
0.298 2.1695362150982407e-19
0.299 2.2018313957017666e-19
0.3 2.235853958454907e-19
0.301 2.2716610695977786e-19
0.302 2.309313424905227e-19
0.303 2.3488754038842643e-19
0.304 2.390415234557454e-19
0.305 2.434005169360368e-19
0.306 2.47972167272026e-19
0.307 2.527645620925333e-19
0.308 2.5778625149371155e-19
0.309 2.6304627068457544e-19
0.31 2.685541640715488e-19
0.311 2.743200108620195e-19
0.312 2.803544522723836e-19
0.313 2.8666872043169795e-19
0.314 2.9327466907840824e-19
0.315 3.0018480615391542e-19
0.316 3.074123284038172e-19
0.317 3.149711581048945e-19
0.318 3.228759820436761e-19
0.319 3.311422928808128e-19
0.32 3.3978643304409216e-19
0.321 3.488263473015393e-19
0.322 3.5828390326600157e-19
0.323 3.681831176215051e-19
0.324 3.7854959741815285e-19
0.325 3.8941066088160356e-19
0.326 4.007954683789697e-19
0.327 4.1273516447485615e-19
0.328 4.252630321042232e-19
0.329 4.38414659991639e-19
0.33 4.522281245605296e-19
0.331 4.66744187702145e-19
0.332 4.820065119141003e-19
0.333 4.980618944736978e-19
0.334 5.149605224835315e-19
0.335 5.327562508187569e-19
0.336 5.5150690521809575e-19
0.337 5.712746129977925e-19
0.338 5.921261641312595e-19
0.339 6.141334057310741e-19
0.34 6.373736732971219e-19
0.341 6.619302624599335e-19
0.342 6.878929453557945e-19
0.343 7.153585362250287e-19
0.344 7.444315113337787e-19
0.345 7.75224688887967e-19
0.346 8.078599752449885e-19
0.347 8.424691844412544e-19
0.348 8.791949388525444e-19
0.349 9.18191659700233e-19
0.35 9.59626657121449e-19
0.351 1.0036813306509272e-18
0.352 1.0505524922308971e-18
0.353 1.1004538252930886e-18
0.354 1.1536174950633765e-18
0.355 1.2102959270492497e-18
0.356 1.2707637727103217e-18
0.357 1.3353200836132923e-18
0.358 1.4042907179705441e-18
0.359 1.4780310063972069e-18
0.36 1.5569287070400628e-18
0.361 1.6414072839870944e-18
0.362 1.7319295471197381e-18
0.363 1.8290016963897493e-18
0.364 1.9331778189698928e-18
0.365 2.0450648939336613e-18
0.366 2.1653283661704865e-18
0.367 2.294698359258918e-18
0.368 2.4339766061437665e-18
0.369 2.584044186851987e-18
0.37 2.7458701743252852e-18
0.371 2.920521302956568e-18
0.372 3.10917278984294e-18
0.373 3.3131204563935265e-18
0.374 3.533794318091017e-18
0.375 3.772773833281548e-18
0.376 4.0318050283074295e-18
0.377 4.3128197466139146e-18
0.378 4.617957304258199e-18
0.379 4.949588874220166e-18
0.38 5.310344967873199e-18
0.381 5.703146434862791e-18
0.382 6.1312394635623924e-18
0.383 6.598235134513757e-18
0.384 7.10815416031216e-18
0.385 7.66547753901777e-18
0.386 8.275203956414782e-18
0.387 8.942911764948531e-18
0.388 9.674631671127111e-18
0.389 1.0476725036392797e-17
0.39 1.135615744516174e-17
0.391 1.2320580136686884e-17
0.392 1.3378392856259887e-17
0.393 1.4538811530716513e-17
0.394 1.5811940963775542e-17
0.395 1.7208852721092937e-17
0.396 1.8741668341078837e-17
0.397 2.0423647964288465e-17
0.398 2.2269284420212788e-17
0.399 2.4294402744145944e-17
0.4 2.6516265016992497e-17
0.401 2.89536803258186e-17
0.402 3.162711953109107e-17
0.403 3.45588343962265e-17
0.404 3.77729804847658e-17
0.405 4.129574305867247e-17
0.406 4.5155465016592155e-17
0.407 4.93827756922244e-17
0.408 5.4010719089405157e-17
0.409 5.907487986158029e-17
0.41 6.461350504902206e-17
0.411 7.066761926801039e-17
0.412 7.728113070354709e-17
0.413 8.450092489312072e-17
0.414 9.23769429067495e-17
0.415 1.0096224013226776e-16
0.416 1.1031302147016045e-16
0.417 1.204886483361626e-16
0.418 1.3155161247096104e-16
0.419 1.4356747117482742e-16
0.42 1.566047382330196e-16
0.421 1.7073472448907863e-16
0.422 1.8603132177354378e-16
0.423 2.0257072372260168e-16
0.424 2.2043107694401711e-16
0.425 2.3969205602718124e-16
0.426 2.6043435607211845e-16
0.427 2.8273909675173555e-16
0.428 3.066871324457369e-16
0.429 3.3235826371592827e-16
0.43 3.5983034635347923e-16
0.431 3.8917829543861766e-16
0.432 4.204729833290763e-16
0.433 4.537800322488997e-16
0.434 4.891585041905905e-16
0.435 5.266594931731791e-16
0.436 5.663246275086746e-16
0.437 6.081844926043481e-16
0.438 6.522569879409738e-16
0.439 6.985456351797424e-16
0.44 7.470378578115922e-16
0.441 7.977032563087401e-16
0.442 8.504919062896322e-16
0.443 9.053327106757453e-16
0.444 9.62131840095422e-16
0.445 1.0207712987599248e-15
0.446 1.0811076555749127e-15
0.447 1.1429709822203651e-15
0.448 1.2061640411980175e-15
0.449 1.270461767266973e-15
0.45 1.3356110851333493e-15
0.451 1.4013311046043035e-15
0.452 1.4673137315520196e-15
0.453 1.5332247288741695e-15
0.454 1.5987111134763932e-15
0.455 1.6634691353463148e-15
0.456 1.727234236629516e-15
0.457 1.7897436395906722e-15
0.458 1.850737729091931e-15
0.459 1.9099621123333657e-15
0.46 1.9671696286804385e-15
0.461 2.0221222855595933e-15
0.462 2.0745930977627403e-15
0.463 2.1243678092085243e-15
0.464 2.1712464782224784e-15
0.465 2.2150449096733044e-15
0.466 2.2555959197880703e-15
0.467 2.2927504221140943e-15
0.468 2.3263783258436734e-15
0.469 2.3563692405190955e-15
0.47 2.3826329839334684e-15
0.471 2.405099892790614e-15
0.472 2.42372093833715e-15
0.473 2.4384676516878724e-15
0.474 2.449331865896818e-15
0.475 2.4563252839468962e-15
0.476 2.459478883714713e-15
0.477 2.45884217259556e-15
0.478 2.4544823058307147e-15
0.479 2.446483083658011e-15
0.48 2.434943843206105e-15
0.481 2.4199782615732437e-15
0.482 2.4017130867852944e-15
0.483 2.380286813323635e-15
0.484 2.3558483186715177e-15
0.485 2.3285554768654124e-15
0.486 2.298573764378528e-15
0.487 2.266074872833082e-15
0.488 2.2312353420583176e-15
0.489 2.1942352259140764e-15
0.49 2.1552568021044612e-15
0.491 2.1144833359468305e-15
0.492 2.072097906755329e-15
0.493 2.028282304174431e-15
0.494 1.9832160004759508e-15
0.495 1.937075203532999e-15
0.496 1.8900319939253944e-15
0.497 1.842253548426922e-15
0.498 1.793901450989832e-15
0.499 1.7451310912876904e-15
0.5 1.6960911499096461e-15
0.501 1.6469231684278876e-15
0.502 1.5977612017847893e-15
0.503 1.5487315497734651e-15
0.504 1.4999525638116232e-15
0.505 1.451534524735137e-15
0.506 1.4035795869593925e-15
0.507 1.3561817840712955e-15
0.508 1.3094270907155166e-15
0.509 1.2633935355208418e-15
0.51 1.2181513597688234e-15
0.511 1.1737632165303124e-15
0.512 1.1302844050792635e-15
0.513 1.0877631355288957e-15
0.514 1.0462408188164145e-15
0.515 1.00575237738154e-15
0.516 9.663265721335886e-16
0.517 9.279863415760439e-16
0.518 8.907491492491623e-16
0.519 8.546273359556039e-16
0.52 8.196284735446246e-16
0.521 7.857546994756205e-16
0.522 7.530003510976351e-16
0.523 7.213559164396504e-16
0.524 6.908093894018213e-16
0.525 6.613465098717847e-16
0.526 6.329509950602536e-16
0.527 6.056047614071597e-16
0.528 5.792881365429712e-16
0.529 5.539800609140411e-16
0.53 5.296582787958497e-16
0.531 5.062995185226574e-16
0.532 4.838796618581328e-16
0.533 4.623739025170642e-16
0.534 4.417568939253941e-16
0.535 4.2200288637349886e-16
0.536 4.030858537768487e-16
0.537 3.849796103093773e-16
0.538 3.676579172181101e-16
0.539 3.510945801637364e-16
0.54 3.3526353746117937e-16
0.541 3.2013893961718306e-16
0.542 3.056952205794467e-16
0.543 2.9190716112392633e-16
0.544 2.787499448142476e-16
0.545 2.661992069705778e-16
0.546 2.5423107708457736e-16
0.547 2.428222151132364e-16
0.548 2.319498420777313e-16
0.549 2.2159176538414582e-16
0.55 2.1172639927167347e-16
0.551 2.023327807807976e-16
0.552 1.933905816195923e-16
0.553 1.8488011629059832e-16
0.554 1.7678234682438484e-16
0.555 1.6907888444881853e-16
0.556 1.617519885056628e-16
0.557 1.5478456290847392e-16
0.558 1.4816015041817006e-16
0.559 1.4186292499507642e-16
0.56 1.358776824690041e-16
0.561 1.301898297520411e-16
0.562 1.247853728022462e-16
0.563 1.1965090353055499e-16
0.564 1.1477358582789168e-16
0.565 1.1014114087478289e-16
0.566 1.0574183188179378e-16
0.567 1.0156444839579882e-16
0.568 9.759829029455412e-17
0.569 9.383315158015852e-17
0.57 9.025930407090752e-17
0.571 8.686748108065544e-17
0.572 8.364886116509416e-17
0.573 8.059505200542382e-17
0.574 7.769807449155288e-17
0.575 7.495034705936997e-17
0.576 7.234467032957918e-17
0.577 6.987421208924495e-17
0.578 6.753249265135231e-17
0.579 6.53133706224469e-17
0.58 6.321102910371091e-17
0.581 6.121996234658209e-17
0.582 5.93349628803273e-17
0.583 5.755110912563817e-17
0.584 5.586375350551031e-17
0.585 5.426851106215058e-17
0.586 5.2761248586633646e-17
0.587 5.1338066091665314e-17
0.588 4.9994818365261e-17
0.589 4.872691000956063e-17
0.59 4.7530011424732207e-17
0.591 4.640010030049663e-17
0.592 4.533343808785072e-17
0.593 4.432654846078835e-17
0.594 4.337619758755859e-17
0.595 4.24793760484665e-17
0.596 4.163328225289059e-17
0.597 4.083530722228761e-17
0.598 4.008302061858319e-17
0.599 3.9374157908753384e-17
0.6 3.8706608566626594e-17
0.601 3.8078405222169773e-17
0.602 3.7487713676830506e-17
0.603 3.69328237110026e-17
0.604 3.6412140616442067e-17
0.605 3.5924177392573304e-17
0.606 3.546754755113311e-17
0.607 3.504095847858711e-17
0.608 3.4643205310266953e-17
0.609 3.4273165274250073e-17
0.61 3.39297924667045e-17
0.611 3.361211302376951e-17
0.612 3.331922065806787e-17
0.613 3.305027253071376e-17
0.614 3.280448543216431e-17
0.615 3.2581132247541994e-17
0.616 3.2379538684100297e-17
0.617 3.219908024039989e-17
0.618 3.203917939844167e-17
0.619 3.1899303021569834e-17
0.62 3.177895994235552e-17
0.621 3.1677698725961485e-17
0.622 3.1595105595658495e-17
0.623 3.153080250821763e-17
0.624 3.148444536788961e-17
0.625 3.1455722368552037e-17
0.626 3.144435245442055e-17
0.627 3.14500838904498e-17
0.628 3.147269293423036e-17
0.629 3.1511982601782655e-17
0.63 3.1567781520227236e-17
0.631 3.163994286080196e-17
0.632 3.1728343346173384e-17
0.633 3.183288232640369e-17
0.634 3.1953480918327675e-17
0.635 3.209008120343822e-17
0.636 3.224264547970534e-17
0.637 3.241115556304032e-17
0.638 3.259561213438079e-17
0.639 3.2796034128617825e-17
0.64 3.301245816179521e-17
0.641 3.324493799322087e-17
0.642 3.3493544019293256e-17
0.643 3.375836279602045e-17
0.644 3.4039496587348575e-17
0.645 3.433706293654356e-17
0.646 3.465119425799306e-17
0.647 3.498203744689628e-17
0.648 3.532975350440133e-17
0.649 3.569451717583085e-17
0.65 3.607651659971554e-17
0.651 3.6475952965406325e-17
0.652 3.689304017710385e-17
0.653 3.732800452217875e-17
0.654 3.7781102289581775e-17
0.655 3.825281363705963e-17
0.656 3.874377997403476e-17
0.657 3.925467635458621e-17
0.658 3.978621086722614e-17
0.659 4.0339126335325435e-17
0.66 4.0914202117557895e-17
0.661 4.1512256014732314e-17
0.662 4.213414628980415e-17
0.663 4.2780773808340755e-17
0.664 4.345308430720953e-17
0.665 4.415207079981169e-17
0.666 4.487877612675668e-17
0.667 4.563429566150708e-17
0.668 4.641978018119313e-17
0.669 4.723643891352054e-17
0.67 4.808554277148397e-17
0.671 4.896842778842258e-17
0.672 4.988649876687795e-17
0.673 5.0841233155662774e-17
0.674 5.183418517062798e-17
0.675 5.286699017571701e-17
0.676 5.3941369342139513e-17
0.677 5.505913460478576e-17
0.678 5.622219393644295e-17
0.679 5.743255696189774e-17
0.68 5.869234093563573e-17
0.681 6.000377710868641e-17
0.682 6.136921751201315e-17
0.683 6.279114218600127e-17
0.684 6.427216688778768e-17
0.685 6.581505131064907e-17
0.686 6.742270785224938e-17
0.687 6.909821097144581e-17
0.688 7.08448071763777e-17
0.689 7.266592568993557e-17
0.69 7.456518984228361e-17
0.691 7.654642924404619e-17
0.692 7.861369279798471e-17
0.693 8.077126261160483e-17
0.694 8.302366887808766e-17
0.695 8.537570579837489e-17
0.696 8.783244862307577e-17
0.697 9.039927189924824e-17
0.698 9.308186901401383e-17
0.699 9.588627313448596e-17
0.7 9.881887965162854e-17
0.701 1.0188647024459517e-16
0.702 1.0509623869168877e-16
0.703 1.0845581856462515e-16
0.704 1.1197331295420717e-16
0.705 1.1565732638795832e-16
0.706 1.1951699911382264e-16
0.707 1.2356204393882742e-16
0.708 1.278027858276491e-16
0.709 1.3225020448368649e-16
0.71 1.369159801542649e-16
0.711 1.4181254292261388e-16
0.712 1.4695312577198114e-16
0.713 1.5235182173224319e-16
0.714 1.580236454465186e-16
0.715 1.6398459952508364e-16
0.716 1.7025174608643052e-16
0.717 1.768432839207926e-16
0.718 1.8377863175054876e-16
0.719 1.9107851810433617e-16
0.72 1.9876507836854636e-16
0.721 2.0686133353042715e-16
0.722 2.1538921863935373e-16
0.723 2.2437118470160534e-16
0.724 2.338308214829905e-16
0.725 2.4379290273243824e-16
0.726 2.5428343202983317e-16
0.727 2.653296891112175e-16
0.728 2.7696027650397714e-16
0.729 2.892051662825556e-16
0.73 3.020957467312855e-16
0.731 3.1566486867554375e-16
0.732 3.299468912150183e-16
0.733 3.4497772656395195e-16
0.734 3.6079488367237683e-16
0.735 3.7743751026975826e-16
0.736 3.9494643293828864e-16
0.737 4.1336419478696344e-16
0.738 4.327350902601441e-16
0.739 4.531051965750808e-16
0.74 4.745224012425146e-16
0.741 4.970364250826818e-16
0.742 5.206988401063896e-16
0.743 5.455630815872001e-16
0.744 5.71684453606783e-16
0.745 5.991201273110254e-16
0.746 6.279291310705369e-16
0.747 6.581723316953974e-16
0.748 6.899124058114412e-16
0.749 7.232138004644058e-16
0.75 7.581426819790865e-16
0.751 7.947668720647876e-16
0.752 8.331557701250973e-16
0.753 8.733802607019468e-16
0.754 9.155126049599484e-16
0.755 9.59626315099563e-16
0.756 1.005796010576598e-15
0.757 1.0540972550027137e-15
0.758 1.1046063726070911e-15
0.759 1.157400243155401e-15
0.76 1.2125560742486867e-15
0.761 1.270151149964084e-15
0.762 1.3302625548511023e-15
0.763 1.3929668723645948e-15
0.764 1.4583398568974893e-15
0.765 1.5264560786763605e-15
0.766 1.5973885408997666e-15
0.767 1.6712082686360783e-15
0.768 1.7479838691534303e-15
0.769 1.8277810635321922e-15
0.77 1.910662189608657e-15
0.771 1.996685676519831e-15
0.772 2.0859054913626626e-15
0.773 2.1783705587475226e-15
0.774 2.2741247097969574e-15
0.775 2.373212331170804e-15
0.776 2.475676679326984e-15
0.777 2.5815556294882207e-15
0.778 2.6908810856078483e-15
0.779 2.803678442363392e-15
0.78 2.9199660344047945e-15
0.781 3.0397545748336952e-15
0.782 3.1630465851370257e-15
0.783 3.289835819049305e-15
0.784 3.4201066830743358e-15
0.785 3.55383365665386e-15
0.786 3.690980715230799e-15
0.787 3.831500759707128e-15
0.788 3.9753350560510946e-15
0.789 4.122412689047741e-15
0.79 4.272650034422567e-15
0.791 4.425950253784357e-15
0.792 4.582202817037565e-15
0.793 4.741283057093657e-15
0.794 4.903051761870459e-15
0.795 5.067354808696846e-15
0.796 5.234022846339949e-15
0.797 5.4028710299346894e-15
0.798 5.573698814121673e-15
0.799 5.746289809680785e-15
0.8 5.920411708887785e-15
0.801 6.095816284706068e-15
0.802 6.272239468766327e-15
0.803 6.4494015128652895e-15
0.804 6.62700723844356e-15
0.805 6.804746378165432e-15
0.806 6.982294013333342e-15
0.807 7.159311110411783e-15
0.808 7.335445159422293e-15
0.809 7.510330916391657e-15
0.81 7.683591251401538e-15
0.811 7.854838103090206e-15
0.812 8.023673539711111e-15
0.813 8.189690926047538e-15
0.814 8.352488190156189e-15
0.815 8.511800221790819e-15
0.816 8.667461912263354e-15
0.817 8.81932370619035e-15
0.818 8.967250441654377e-15
0.819 9.11112158552791e-15
0.82 9.25083139532989e-15
0.821 9.386289009690041e-15
0.822 9.517418469935226e-15
0.823 9.644158675715218e-15
0.824 9.76646327794018e-15
0.825 9.884300512614336e-15
0.826 9.99765297941406e-15
0.827 1.0106517369080371e-14
0.828 1.0210904143871245e-14
0.829 1.0310837175449844e-14
0.83 1.040635334467864e-14
0.831 1.0497502107836394e-14
0.832 1.0584345033793887e-14
0.833 1.0666955316653951e-14
0.834 1.0745417268319294e-14
0.835 1.0819825795357014e-14
0.836 1.089028586442669e-14
0.837 1.0956911960401871e-14
0.838 1.101982754116514e-14
0.839 1.1079164492881836e-14
0.84 1.1135062589378163e-14
0.841 1.1187668959049679e-14
0.842 1.1237137562525993e-14
0.843 1.128362868410401e-14
0.844 1.1327308439755334e-14
0.845 1.1368348304296274e-14
0.846 1.140692466010161e-14
0.847 1.1443218369535764e-14
0.848 1.1477414373076515e-14
0.849 1.1509701314912473e-14
0.85 1.1540271197615735e-14
0.851 1.1569319067318013e-14
0.852 1.1597042730661345e-14
0.853 1.1623642504648053e-14
0.854 1.1649253228835905e-14
0.855 1.1673221787212416e-14
0.856 1.1694380039341344e-14
0.857 1.1711544539966993e-14
0.858 1.1723528411573831e-14
0.859 1.1729145957135332e-14
0.86 1.17272184579276e-14
0.861 1.1716581133904408e-14
0.862 1.1696091226347186e-14
0.863 1.166463714173064e-14
0.864 1.1621148572282626e-14
0.865 1.1564607482985175e-14
0.866 1.1494059827311516e-14
0.867 1.1408627825504823e-14
0.868 1.1307522610485683e-14
0.869 1.1190057018476804e-14
0.87 1.1055658275202198e-14
0.871 1.0903880305193149e-14
0.872 1.0734415372537932e-14
0.873 1.0547104747546757e-14
0.874 1.0341948086492669e-14
0.875 1.0119111211944889e-14
0.876 9.878931990220806e-15
0.877 9.621924020941881e-15
0.878 9.348777882101884e-15
0.879 9.060359712665251e-15
0.88 8.757706963330911e-15
0.881 8.44202120414815e-15
0.882 8.114657944140387e-15
0.883 7.77711349149927e-15
0.884 7.431008961360702e-15
0.885 7.078071619348029e-15
0.886 6.720113830325742e-15
0.887 6.359009960247194e-15
0.888 5.996671651561275e-15
0.889 5.63502195630268e-15
0.89 5.2759688627992925e-15
0.891 4.9213787892358144e-15
0.892 4.573050637878802e-15
0.893 4.232691005943082e-15
0.894 3.902016923378945e-15
0.895 3.58391095202453e-15
0.896 3.281400250381911e-15
0.897 2.9966453285483034e-15
0.898 2.731025968668497e-15
0.899 2.485254500345854e-15
0.9 2.2594912735200395e-15
0.901 2.0534561560774242e-15
0.902 1.8665317160163424e-15
0.903 1.6978553702247297e-15
0.904 1.5463991322313804e-15
0.905 1.4110366503289157e-15
0.906 1.2905980064597891e-15
0.907 1.1839132760826729e-15
0.908 1.0898461712860137e-15
0.909 1.0073192486076821e-15
0.91 9.353322029781128e-16
0.911 8.729747293326606e-16
0.912 8.194353475782972e-16
0.913 7.740074828547882e-16
0.914 7.360939944632568e-16
0.915 7.052112727618633e-16
0.916 6.809939910695629e-16
0.917 6.63201626678248e-16
0.918 6.517279718314323e-16
0.919 6.466150687133424e-16
0.92 6.480733599027884e-16
0.921 6.563868388320627e-16
0.922 6.715593090752996e-16
0.923 6.936612217916354e-16
0.924 7.229341039024144e-16
0.925 7.59780218122237e-16
0.926 8.047573347501996e-16
0.927 8.585771329827242e-16
0.928 9.221059471029123e-16
0.929 9.963666437772862e-16
0.93 1.0825403865007919e-15
0.931 1.1819669305400995e-15
0.932 1.296141912189804e-15
0.933 1.4267093660066812e-15
0.934 1.5754474428589515e-15
0.935 1.7442450366676683e-15
0.936 1.9350667944195864e-15
0.937 2.1499038296038555e-15
0.938 2.3907074435597102e-15
0.939 2.6593033547125247e-15
0.94 2.9572844248192627e-15
0.941 3.2858807413159765e-15
0.942 3.645807248231766e-15
0.943 4.037090979184691e-15
0.944 4.4588823624913576e-15
0.945 4.9092580097549e-15
0.946 5.385025752578188e-15
0.947 5.881570934252239e-15
0.948 6.394306796077268e-15
0.949 6.92020090717276e-15
0.95 7.456141711057581e-15
0.951 7.998801799068785e-15
0.952 8.54468709228886e-15
0.953 9.090189802198626e-15
0.954 9.631643814956329e-15
0.955 1.0165381095816264e-14
0.956 1.0687787711948528e-14
0.957 1.119535812169919e-14
0.958 1.1684746472009993e-14
0.959 1.2152813777478637e-14
0.96 1.2596670017259255e-14
0.961 1.3013710371711773e-14
0.962 1.3401645021002925e-14
0.963 1.3758522134373976e-14
0.964 1.4082743883529674e-14
0.965 1.4373075509347094e-14
0.966 1.462864765158851e-14
0.967 1.4848952311475494e-14
0.968 1.5033832953060796e-14
0.969 1.5183469358856276e-14
0.97 1.5298357936965202e-14
0.971 1.537928823102691e-14
0.972 1.542731641167425e-14
0.973 1.5443736530864755e-14
0.974 1.5430050300996884e-14
0.975 1.5387936122295775e-14
0.976 1.53192180279614e-14
0.977 1.5225835150578528e-14
0.978 1.5109812238803526e-14
0.979 1.4973231673723914e-14
0.98 1.4818207352611773e-14
0.981 1.4646860726788293e-14
0.982 1.4461299202313037e-14
0.983 1.4263597039098616e-14
0.984 1.4055778817301903e-14
0.985 1.3839805480489063e-14
0.986 1.3617562913780589e-14
0.987 1.3390852972251743e-14
0.988 1.3161386840296131e-14
0.989 1.2930780576217541e-14
0.99 1.2700552677533294e-14
0.991 1.2472123490779384e-14
0.992 1.2246816284288485e-14
0.993 1.2025859802733753e-14
0.994 1.1810392127413323e-14
0.995 1.1601465675550489e-14
0.996 1.1400053184575671e-14
0.997 1.1207054542805638e-14
0.998 1.1023304345551765e-14
0.999 1.0849580075009599e-14
