D) 1.75 1.75 1.75
D) 1.75 1.75 1.75
D) 1.75 1.75 1.75
D) 1.75 1.75 1.75
D) 1.75 1.75 1.75
D) 1.75 1.75 1.75
D) 1.75 1.75 1.75
D) 1.75 1.75 1.75
D) 1.75 1.75 1.75
D) 1.75 1.75 1.75
D) 1.75 1.75 1.75
D) 1.75 1.75 1.75
D) 1.75 1.75 1.75
D) 1.75 1.75 1.75
D) 1.75 1.75 1.75
D) 1.75 1.75 1.75
D) 1.75 1.75 1.75
D) 1.75 1.75 1.75
D) 1.75 1.75 1.75
D) 1.75 1.75 1.75
D) 1.75 1.75 1.75
D) 1.75 1.75 1.75
D) 1.75 1.75 1.75
D) 1.75 1.75 1.75
D) 1.75 1.75 1.75
D) 1.5 1.5 1.5
D) 1.5 1.5 1.5
D) 1.5 1.5 1.5
D) 1.5 1.5 1.5
D) 1.5 1.5 1.5
D) 1.5 1.5 1.5
D) 1.5 1.5 1.5
D) 1.5 1.5 1.5
D) 1.5 1.5 1.5
D) 1.5 1.5 1.5
D) 1.5 1.5 1.5
D) 1.5 1.5 1.5
D) 1.5 1.5 1.5
D) 1.5 1.5 1.5
D) 1.5 1.5 1.5
D) 1.5 1.5 1.5
D) 1.5 1.5 1.5
D) 1.5 1.5 1.5
D) 1.5 1.5 1.5
D) 1.5 1.5 1.5
D) 1.5 1.5 1.5
D) 1.5 1.5 1.5
D) 1.5 1.5 1.5
D) 1.5 1.5 1.5
D) 1.5 1.5 1.5
D) 1.5 1.5 1.5
D) 1.5 1.5 1.5
D) 1.5 1.5 1.5
D) 1.5 1.5 1.5
D) 1.5 1.5 1.5
D) 1.5 1.5 1.5
D) 1.5 1.5 1.5
D) 1.5 1.5 1.5
D) 1.5 1.5 1.5
D) 1.5 1.5 1.5
D) 1.5 1.5 1.5
D) 1.5 1.5 1.5
D) 1.5 1.5 1.5
D) 1.5 1.5 1.5
D) 1.5 1.5 1.5
D) 1.5 1.5 1.5
D) 1.5 1.5 1.5
D) 1.5 1.5 1.5
D) 1.5 1.5 1.5
D) 1.5 1.5 1.5
D) 1.5 1.5 1.5
D) 1.5 1.5 1.5
D) 1.5 1.5 1.5
D) 1.5 1.5 1.5
D) 1.5 1.5 1.5
D) 1.4 1.4 1.4
D) 1.4 1.4 1.4
D) 1.4 1.4 1.4
D) 1.4 1.4 1.4
D) 1.4 1.4 1.4
D) 1.4 1.4 1.4
D) 1.4 1.4 1.4
D) 1.4 1.4 1.4
D) 1.4 1.4 1.4
D) 1.4 1.4 1.4
D) 1.4 1.4 1.4
D) 1.4 1.4 1.4
D) 1.4 1.4 1.4
D) 1.4 1.4 1.4
D) 1.4 1.4 1.4
D) 1.4 1.4 1.4
D) 1.4 1.4 1.4
D) 1.4 1.4 1.4
D) 1.4 1.4 1.4
D) 1.4 1.4 1.4
D) 1.4 1.4 1.4
D) 1.4 1.4 1.4
D) 1.4 1.4 1.4
D) 1.4 1.4 1.4
D) 1.4 1.4 1.4
D) 1.4 1.4 1.4
D) 1.4 1.4 1.4
D) 1.4 1.4 1.4
D) 1.4 1.4 1.4
D) 1.4 1.4 1.4
D) 1.4 1.4 1.4
D) 1.4 1.4 1.4
D) 1.4 1.4 1.4
D) 1.4 1.4 1.4
D) 1.4 1.4 1.4
D) 1.4 1.4 1.4
D) 1.4 1.4 1.4
D) 1.4 1.4 1.4
D) 1.4 1.4 1.4
D) 1.4 1.4 1.4
D) 1.4 1.4 1.4
D) 1.4 1.4 1.4
D) 1.4 1.4 1.4
D) 1.4 1.4 1.4
D) 1.4 1.4 1.4
D) 1.4 1.4 1.4
D) 1.4 1.4 1.4
D) 1.4 1.4 1.4
D) 1.4 1.4 1.4
D) 1.4 1.4 1.4
D) 1.4 1.4 1.4
D) 1.4 1.4 1.4
D) 1.4 1.4 1.4
D) 1.4 1.4 1.4
D) 1.4 1.4 1.4
D) 1.4 1.4 1.4
D) 1.4 1.4 1.4
D) 1.4 1.4 1.4
D) 1.4 1.4 1.4
D) 1.4 1.4 1.4
D) 1.4 1.4 1.4
D) 1.4 1.4 1.4
D) 1.15 1.15 1.15
D) 1.15 1.15 1.15
D) 1.15 1.15 1.15
D) 1.15 1.15 1.15
D) 1.15 1.15 1.15
D) 1.15 1.15 1.15
D) 1.15 1.15 1.15
D) 1.15 1.15 1.15
D) 1.15 1.15 1.15
D) 1.15 1.15 1.15
D) 1.15 1.15 1.15
D) 1.15 1.15 1.15
D) 1.15 1.15 1.15
D) 1.15 1.15 1.15
D) 1.15 1.15 1.15
D) 1.15 1.15 1.15
D) 1.15 1.15 1.15
D) 1.15 1.15 1.15
D) 1.15 1.15 1.15
D) 1.15 1.15 1.15
D) 1.15 1.15 1.15
D) 1.15 1.15 1.15
D) 1.15 1.15 1.15
D) 1.15 1.15 1.15
D) 1.15 1.15 1.15
D) 1.15 1.15 1.15
D) 1.15 1.15 1.15
D) 1.15 1.15 1.15
D) 1.15 1.15 1.15
D) 1.15 1.15 1.15
D) 1.15 1.15 1.15
D) 1.15 1.15 1.15
D) 1.15 1.15 1.15
D) 1.15 1.15 1.15
D) 1.15 1.15 1.15
D) 1.15 1.15 1.15
D) 1.15 1.15 1.15
D) 1.15 1.15 1.15
D) 1.15 1.15 1.15
D) 1.15 1.15 1.15
D) 1.15 1.15 1.15
D) 1.15 1.15 1.15
D) 1.15 1.15 1.15
D) 1.15 1.15 1.15
D) 1.15 1.15 1.15
D) 1.15 1.15 1.15
D) 1.15 1.15 1.15
D) 1.15 1.15 1.15
D) 1.15 1.15 1.15
D) 1.15 1.15 1.15
D) 0.95 0.95 0.95
D) 0.95 0.95 0.95
D) 0.95 0.95 0.95
D) 0.95 0.95 0.95
D) 0.95 0.95 0.95
D) 0.95 0.95 0.95
D) 0.95 0.95 0.95
D) 0.95 0.95 0.95
D) 0.95 0.95 0.95
D) 0.95 0.95 0.95
D) 0.95 0.95 0.95
D) 0.95 0.95 0.95
D) 0.95 0.95 0.95
D) 0.95 0.95 0.95
D) 0.95 0.95 0.95
D) 0.95 0.95 0.95
D) 0.95 0.95 0.95
D) 0.95 0.95 0.95
D) 0.95 0.95 0.95
D) 0.95 0.95 0.95
D) 0.95 0.95 0.95
D) 0.95 0.95 0.95
D) 0.95 0.95 0.95
D) 0.95 0.95 0.95
D) 0.95 0.95 0.95
D) 0.95 0.95 0.95
D) 0.95 0.95 0.95
D) 0.95 0.95 0.95
D) 0.95 0.95 0.95
D) 0.95 0.95 0.95
D) 0.95 0.95 0.95
D) 0.95 0.95 0.95
D) 0.95 0.95 0.95
D) 0.95 0.95 0.95
D) 0.95 0.95 0.95
D) 0.95 0.95 0.95
D) 0.95 0.95 0.95
D) 0.95 0.95 0.95
D) 0.6 0.6 0.6
D) 0.6 0.6 0.6
D) 0.6 0.6 0.6
D) 0.6 0.6 0.6
D) 0.6 0.6 0.6
D) 0.6 0.6 0.6
D) 0.6 0.6 0.6
D) 0.6 0.6 0.6
D) 0.6 0.6 0.6
D) 0.6 0.6 0.6
D) 0.6 0.6 0.6
D) 0.6 0.6 0.6
D) 0.6 0.6 0.6
D) 0.6 0.6 0.6
D) 0.6 0.6 0.6
D) 0.6 0.6 0.6
D) 0.6 0.6 0.6
D) 0.6 0.6 0.6
D) 0.6 0.6 0.6
D) 0.6 0.6 0.6
D) 0.6 0.6 0.6
D) 0.6 0.6 0.6
D) 0.6 0.6 0.6
D) 0.6 0.6 0.6
D) 0.6 0.6 0.6
P) 2.11652 -5.267748 5.073781
P) -0.261988 1.538042 3.84212
P) -4.624721 -4.468695 13.794008
P) 1.958068 0.630594 6.363635
P) -6.081994 4.385194 6.381768
P) 1.480038 3.558904 8.121458
P) 1.561593 -3.701809 8.107996
P) -4.627206 6.768774 14.177016
P) -2.594525 6.754349 3.463931
P) -6.792466 1.247994 1.853383
P) 3.73095 3.664748 5.528249
P) 3.090761 1.883706 15.648314
P) 4.091112 0.574453 9.097082
P) -1.177429 4.119474 1.694306
P) 5.09055 -2.705425 9.710154
P) -6.190541 -0.830592 14.065031
P) 6.753777 1.276437 15.424358
P) 4.356795 -6.796763 7.217353
P) -1.202534 -3.790175 13.959153
P) -6.755714 -5.238762 11.149496
P) -1.631688 1.321189 11.671126
P) -6.542863 -1.203469 9.753381
P) -6.766536 1.676424 11.712157
P) 4.556537 -3.288951 3.636883
P) -4.942818 1.885422 15.872971
P) -1.677247 -1.61605 7.538973
P) 2.202778 0.431364 11.724966
P) -1.400558 -7.004506 16.46331
P) 1.081003 7.001395 15.749345
P) 7.005578 5.092416 6.165416
P) 6.900696 -1.131409 3.175972
P) 4.973486 1.395859 3.596794
P) 1.609939 2.296689 1.409565
P) 2.780014 -0.612118 3.556175
P) 1.725719 7.025109 12.830007
P) -3.059058 3.462823 4.219935
P) -3.394636 -1.846686 15.35115
P) -2.25014 -4.995657 3.136868
P) -5.983845 0.823615 7.286095
P) 2.624225 -4.507418 1.424014
P) 0.269505 -7.019791 13.983611
P) 6.046638 2.587354 7.488493
P) -7.002301 -4.776954 7.860208
P) 7.041355 0.57304 5.575096
P) 1.410225 4.14676 13.96138
P) -0.212501 -1.103119 10.087999
P) -6.676258 -7.000172 1.463613
P) -7.0485 5.643882 9.489301
P) -1.412759 -4.325782 9.214225
P) -4.455742 -7.004148 15.808978
P) 4.419808 4.918405 8.384595
P) 3.945448 -7.010274 10.41063
P) 7.005491 -1.802542 13.186525
P) -4.398539 -1.469545 6.327661
P) -0.16681 -6.151841 1.423093
P) 7.01272 -6.835068 14.572759
P) 6.682815 6.955615 1.466983
P) -7.005664 5.555219 16.014628
P) -3.307937 -1.438439 10.036624
P) 4.553162 -0.10465 13.488776
P) -7.000657 -7.003024 13.857567
P) -2.42103 3.288933 14.396368
P) -4.802938 7.047243 10.720426
P) -0.885738 1.29695 7.771356
P) -0.367014 -1.595192 1.397149
P) 4.554269 -7.018217 1.4704
P) 7.05212 4.595841 3.231114
P) 5.096184 4.344219 16.324281
P) -3.748253 4.551691 12.002374
P) -2.651134 -0.328424 2.697877
P) 2.366163 3.384159 11.229433
P) -4.046979 7.008564 6.632477
P) -6.188489 4.378217 1.4096
P) -3.288939 2.939469 7.131853
P) 0.755792 5.767049 10.325389
P) 1.070443 -1.641105 13.401183
P) 0.535852 1.240616 13.938251
P) -4.000151 -3.747856 8.044805
P) 3.834966 -6.706518 14.235476
P) -5.104359 -5.377199 3.23405
P) -1.174067 5.215462 8.250287
P) 3.158386 7.115744 1.364773
P) -4.451677 -2.436155 1.788073
P) -7.10163 -3.471561 3.631709
P) 5.163502 3.143871 10.518298
P) -3.781976 -4.026456 5.283706
P) -7.118857 -1.846664 1.369163
P) -6.169944 4.081195 13.642733
P) -3.616381 4.891488 16.48766
P) 1.095647 6.321217 6.676118
P) 1.429651 -2.34266 16.083844
P) -2.925556 0.77561 5.297987
P) -0.876949 4.327814 12.195976
P) -0.163877 2.799356 16.148007
P) 3.865282 -2.755091 14.413007
P) 3.995793 5.36358 13.484166
P) 0.940299 -2.387389 5.354585
P) -2.024163 7.136965 10.015597
P) -3.096477 -7.124736 1.384964
P) 3.580449 6.292405 10.752945
P) 0.927425 -6.611677 9.125241
P) 2.634856 7.115556 4.484668
P) -7.103076 -3.49537 15.466694
P) -0.170455 -5.518891 11.554551
P) 7.107592 4.172973 14.25379
P) 7.134074 1.082397 9.669705
P) -3.839855 -4.174619 10.773293
P) 1.785476 -4.610382 14.491093
P) -5.271946 -0.678322 3.73446
P) 1.493984 5.351524 2.677352
P) -7.140859 -2.085336 6.815031
P) -0.790892 3.729145 5.975718
P) 0.347343 -3.796794 3.023645
P) 5.062149 7.152043 6.736974
P) -1.717281 -7.118113 9.873423
P) -1.036903 7.103819 13.685877
P) 4.419636 -4.58149 12.149145
P) 5.954791 7.114065 9.463043
P) 2.240022 -2.349225 10.973036
P) 6.01573 2.777221 1.315269
P) 4.813266 7.106579 15.50377
P) -7.130929 5.623957 3.74912
P) 4.80241 -0.395769 1.360467
P) -7.166574 2.869624 8.863922
P) 5.460425 -1.760544 6.226838
P) 5.784032 7.112734 12.247474
P) -4.681836 4.058592 9.334694
P) -7.125193 7.103978 1.376371
P) 3.770871 3.817848 2.477959
P) -7.112207 6.344273 12.297148
P) 7.136456 -3.313524 1.355465
P) -5.118575 -6.251193 6.243275
P) 7.117428 -4.212941 11.582715
P) 7.154763 -4.970564 3.567035
P) -3.944964 2.619911 1.630367
P) 4.928978 2.750055 13.253409
P) 1.964137 -6.7278 16.313162
P) -4.071023 -0.143519 12.213641
P) 2.472374 -4.832016 10.56214
P) 6.792605 -7.351312 8.688698
P) -7.364102 -7.36704 3.932073
P) -1.684784 -7.366678 4.152016
P) -1.087214 7.351704 5.86206
P) 2.160588 -6.049827 12.437493
P) 7.021073 -6.105951 1.145924
P) -3.806345 -4.726884 1.077848
P) 4.828654 7.383017 3.245726
P) -2.356915 -7.350586 12.327073
P) -0.961462 -7.055361 7.408232
P) -2.835192 -7.35245 6.119024
P) -0.143795 5.705345 4.549739
P) -3.492288 0.723524 8.548481
P) 7.35229 -7.366623 4.354818
P) 5.876501 -0.415728 11.243955
P) 2.085495 -0.478153 1.081335
P) -2.302446 -5.261318 6.917592
P) -5.677653 4.008483 17.699571
P) -4.646508 7.376164 1.593148
P) 7.351666 7.350862 3.994042
P) -7.366663 -7.361898 6.173446
P) 5.537473 -7.356526 12.465215
P) -7.358899 -7.370406 8.431473
P) 0.633826 1.482653 9.906225
P) 7.351835 5.570771 10.928076
P) -4.799166 -7.350569 11.708008
P) 7.355574 3.860369 9.39481
P) -1.582483 -2.601224 5.098357
P) 7.350688 -6.727178 6.551897
P) -7.368225 -2.61065 12.134819
P) 1.20137 -7.392671 6.741682
P) -4.150949 2.075383 12.811653
P) -0.701755 5.114184 15.234174
P) -6.266347 7.400685 5.256074
P) -7.345349 -4.396285 1.145924
P) -5.637237 3.164128 3.695149
P) 5.158387 -6.12724 4.532866
P) 1.273402 -7.374773 3.207737
P) 7.360264 2.625404 11.677045
P) 5.64731 -4.577233 14.379379
P) -0.717872 -4.701328 5.361289
P) -4.202009 -6.372694 9.5414
P) -1.19158 -0.869332 14.261446
P) -1.759492 -1.594736 12.165367
P) 3.464695 -7.409629 3.807353
P) 7.357515 -4.48418 6.057117
P) -1.96639 3.096671 9.411059
P) 7.355649 -0.951191 7.715251
P) -0.835563 -0.139242 5.81835
P) 5.936223 -3.746097 7.395007
P) 7.565595 6.353365 13.547463
P) 3.834873 -4.919493 8.991103
P) -7.552135 -1.189402 3.960666
P) 1.655662 -7.573758 11.126467
P) -5.122423 1.755589 9.374792
P) -7.552506 2.271583 14.220839
P) 5.120976 -4.565592 5.924833
P) -2.317676 1.180607 0.873884
P) 7.556032 -2.78379 4.851396
P) 3.354093 -2.207572 0.947219
P) 7.55736 -1.629755 9.687035
P) -2.582836 -6.029203 14.570103
P) -4.953248 -2.298671 11.633859
P) -6.037525 -7.566378 10.031273
P) -2.809977 6.808093 12.190632
P) -2.651227 5.144692 5.938555
P) -1.577829 1.065771 14.948471
P) 3.180542 -2.236685 6.004278
P) -2.832134 -2.643663 3.44511
P) -0.548673 -3.23279 11.226594
P) -0.145321 -5.99628 3.848292
P) 0.756111 7.514387 0.947219
P) 0.790115 -1.173497 7.901305
P) -4.761974 -0.276614 0.940451
P) 2.892499 7.555457 7.533643
P) 6.9548 -5.237969 7.973634
P) 7.550606 5.726504 8.456638
P) -4.019325 -7.561022 7.832607
P) -0.895552 -2.031498 15.980777
P) 4.938208 5.466762 4.002473
P) 0.755816 7.592371 8.759442
P) 7.439817 0.318268 0.947219
P) 2.793338 -0.731631 15.066467
P) -1.205757 7.324487 0.947219
P) 0.385996 -1.03419 3.586816
P) 4.651447 5.293684 0.920055
P) 6.068019 4.714954 0.598891
P) 7.873323 2.033192 0.598891
P) 3.5966 3.30282 0.575974
P) 0.252503 -0.950307 6.481793
P) 4.787653 6.715119 4.847196
P) 3.928545 -3.583504 5.881081
P) -4.731926 0.292698 9.704888
P) -4.741208 1.389897 2.99042
P) -6.367255 3.876587 10.39484
P) 7.900317 -3.69528 13.347675
P) 2.478458 0.05525 13.770298
P) -3.321518 -6.74195 11.002895
P) -7.916989 -0.334897 11.442883
P) -5.515794 1.392462 13.662854
P) 3.156797 2.056822 12.646084
P) 0.540279 -3.675747 10.221436
P) 6.534599 4.160813 11.557027
P) 0.515241 -4.815493 9.852864
P) -7.927931 -6.78022 9.91955
P) -3.982391 0.50058 6.915784
P) 5.84972 -2.855359 14.574893
P) -2.280263 -5.426081 10.777156
P) -6.809044 -3.947134 13.109267
P) 3.985891 7.900936 11.868331
P) -4.388144 0.720795 2.059911
R) 0 0 0
R) 0 0 0
R) 0 0 0
R) 0 0 0
R) 0 0 0
R) 0 0 0
R) 0 0 0
R) 0 0 0
R) 0 0 0
R) 0 0 0
R) 0 0 0
R) 0 0 0
R) 0 0 0
R) 0 0 0
R) 0 0 0
R) 0 0 0
R) 0 0 0
R) 0 0 0
R) 0 0 0
R) 0 0 0
R) 0 0 0
R) 0 0 0
R) 0 0 0
R) 0 0 0
R) 0 0 0
R) 0 0 0
R) 0 0 0
R) 0 0 0
R) 0 0 0
R) 0 0 0
R) 0 0 0
R) 0 0 0
R) 0 0 0
R) 0 0 0
R) 0 0 0
R) 0 0 0
R) 0 0 0
R) 0 0 0
R) 0 0 0
R) 0 0 0
R) 0 0 0
R) 0 0 0
R) 0 0 0
R) 0 0 0
R) 0 0 0
R) 0 0 0
R) 0 0 0
R) 0 0 0
R) 0 0 0
R) 0 0 0
R) 0 0 0
R) 0 0 0
R) 0 0 0
R) 0 0 0
R) 0 0 0
R) 0 0 0
R) 0 0 0
R) 0 0 0
R) 0 0 0
R) 0 0 0
R) 0 0 0
R) 0 0 0
R) 0 0 0
R) 0 0 0
R) 0 0 0
R) 0 0 0
R) 0 0 0
R) 0 0 0
R) 0 0 0
R) 0 0 0
R) 0 0 0
R) 0 0 0
R) 0 0 0
R) 0 0 0
R) 0 0 0
R) 0 0 0
R) 0 0 0
R) 0 0 0
R) 0 0 0
R) 0 0 0
R) 0 0 0
R) 0 0 0
R) 0 0 0
R) 0 0 0
R) 0 0 0
R) 0 0 0
R) 0 0 0
R) 0 0 0
R) 0 0 0
R) 0 0 0
R) 0 0 0
R) 0 0 0
R) 0 0 0
R) 0 0 0
R) 0 0 0
R) 0 0 0
R) 0 0 0
R) 0 0 0
R) 0 0 0
R) 0 0 0
R) 0 0 0
R) 0 0 0
R) 0 0 0
R) 0 0 0
R) 0 0 0
R) 0 0 0
R) 0 0 0
R) 0 0 0
R) 0 0 0
R) 0 0 0
R) 0 0 0
R) 0 0 0
R) 0 0 0
R) 0 0 0
R) 0 0 0
R) 0 0 0
R) 0 0 0
R) 0 0 0
R) 0 0 0
R) 0 0 0
R) 0 0 0
R) 0 0 0
R) 0 0 0
R) 0 0 0
R) 0 0 0
R) 0 0 0
R) 0 0 0
R) 0 0 0
R) 0 0 0
R) 0 0 0
R) 0 0 0
R) 0 0 0
R) 0 0 0
R) 0 0 0
R) 0 0 0
R) 0 0 0
R) 0 0 0
R) 0 0 0
R) 0 0 0
R) 0 0 0
R) 0 0 0
R) 0 0 0
R) 0 0 0
R) 0 0 0
R) 0 0 0
R) 0 0 0
R) 0 0 0
R) 0 0 0
R) 0 0 0
R) 0 0 0
R) 0 0 0
R) 0 0 0
R) 0 0 0
R) 0 0 0
R) 0 0 0
R) 0 0 0
R) 0 0 0
R) 0 0 0
R) 0 0 0
R) 0 0 0
R) 0 0 0
R) 0 0 0
R) 0 0 0
R) 0 0 0
R) 0 0 0
R) 0 0 0
R) 0 0 0
R) 0 0 0
R) 0 0 0
R) 0 0 0
R) 0 0 0
R) 0 0 0
R) 0 0 0
R) 0 0 0
R) 0 0 0
R) 0 0 0
R) 0 0 0
R) 0 0 0
R) 0 0 0
R) 0 0 0
R) 0 0 0
R) 0 0 0
R) 0 0 0
R) 0 0 0
R) 0 0 0
R) 0 0 0
R) 0 0 0
R) 0 0 0
R) 0 0 0
R) 0 0 0
R) 0 0 0
R) 0 0 0
R) 0 0 0
R) 0 0 0
R) 0 0 0
R) 0 0 0
R) 0 0 0
R) 0 0 0
R) 0 0 0
R) 0 0 0
R) 0 0 0
R) 0 0 0
R) 0 0 0
R) 0 0 0
R) 0 0 0
R) 0 0 0
R) 0 0 0
R) 0 0 0
R) 0 0 0
R) 0 0 0
R) 0 0 0
R) 0 0 0
R) 0 0 0
R) 0 0 0
R) 0 0 0
R) 0 0 0
R) 0 0 0
R) 0 0 0
R) 0 0 0
R) 0 0 0
R) 0 0 0
R) 0 0 0
R) 0 0 0
R) 0 0 0
R) 0 0 0
R) 0 0 0
R) 0 0 0
R) 0 0 0
R) 0 0 0
R) 0 0 0
R) 0 0 0
R) 0 0 0
R) 0 0 0
R) 0 0 0
R) 0 0 0
R) 0 0 0
R) 0 0 0
R) 0 0 0
R) 0 0 0
R) 0 0 0
R) 0 0 0
R) 0 0 0
R) 0 0 0
R) 0 0 0
R) 0 0 0
R) 0 0 0
R) 0 0 0
R) 0 0 0
R) 0 0 0
R) 0 0 0
EOF